2 0 0 0 21.7321
2 0 0 1 23.59
2 0 0 2 24.1063
2 0 0 3 22.6474
2 0 0 4 22.8233
2 0 0 5 24.4593
2 0 0 6 25.2879
2 0 0 7 24.3232
2 0 0 8 24.0119
2 0 0 9 24.5725
2 0 0 10 23.8111
2 0 0 11 23.6366
2 0 0 12 23.9279
2 0 0 13 24.7051
2 0 0 14 24.3467
2 0 0 15 23.6797
2 0 0 16 21.2164
2 0 0 17 23.8642
2 0 0 18 25.6743
2 0 0 19 22.9791
2 0 0 20 23.6728
2 0 0 21 21.9282
2 0 0 22 23.9541
2 0 0 23 21.1353
2 0 1 0 24.7536
2 0 1 1 25.545
2 0 1 2 22.9726
2 0 1 3 21.0733
2 0 1 4 22.6947
2 0 1 5 25.0591
2 0 1 6 23.528
2 0 1 7 20.8827
2 0 1 8 26.0012
2 0 1 9 23.8672
2 0 1 10 23.6707
2 0 1 11 21.7123
2 0 1 12 25.0151
2 0 1 13 25.0169
2 0 1 14 23.4335
2 0 1 15 24.8342
2 0 1 16 21.6277
2 0 1 17 23.8462
2 0 1 18 24.1208
2 0 1 19 24.1705
2 0 1 20 24.5893
2 0 1 21 23.037
2 0 1 22 24.9836
2 0 1 23 24.0501
2 0 2 0 26.4268
2 0 2 1 27.8488
2 0 2 2 28.5462
2 0 2 3 27.936
2 0 2 4 27.8698
2 0 2 5 27.291
2 0 2 6 27.6528
2 0 2 7 28.1671
2 0 2 8 27.9006
2 0 2 9 24.8774
2 0 2 10 27.5277
2 0 2 11 26.4608
2 0 2 12 27.2143
2 0 2 13 28.2758
2 0 2 14 25.785
2 0 2 15 26.6843
2 0 2 16 25.46
2 0 2 17 28.9209
2 0 2 18 26.5998
2 0 2 19 28.0555
2 0 2 20 28.4593
2 0 2 21 27.6185
2 0 2 22 28.3195
2 0 2 23 28.8288
2 0 3 0 25.9175
2 0 3 1 26.071
2 0 3 2 26.4106
2 0 3 3 25.8
2 0 3 4 26.4856
2 0 3 5 26.0885
2 0 3 6 26.104
2 0 3 7 26.1708
2 0 3 8 27.2312
2 0 3 9 27.3229
2 0 3 10 23.8585
2 0 3 11 25.6507
2 0 3 12 25.4597
2 0 3 13 26.4872
2 0 3 14 26.3165
2 0 3 15 26.2254
2 0 3 16 25.4263
2 0 3 17 25.9279
2 0 3 18 26.8518
2 0 3 19 27.4731
2 0 3 20 26.091
2 0 3 21 26.8075
2 0 3 22 24.9257
2 0 3 23 25.2211
2 0 4 0 25.8299
2 0 4 1 26.0991
2 0 4 2 27.317
2 0 4 3 26.0754
2 0 4 4 25.7625
2 0 4 5 27.27
2 0 4 6 27.2054
2 0 4 7 26.878
2 0 4 8 26.6891
2 0 4 9 26.7032
2 0 4 10 27.1697
2 0 4 11 27.3166
2 0 4 12 28.017
2 0 4 13 24.8947
2 0 4 14 27.1355
2 0 4 15 26.574
2 0 4 16 26.9643
2 0 4 17 25.2389
2 0 4 18 25.1834
2 0 4 19 24.8205
2 0 4 20 27.2929
2 0 4 21 25.4679
2 0 4 22 27.0399
2 0 4 23 26.3749
2 0 5 0 25.7479
2 0 5 1 26.7903
2 0 5 2 25.0166
2 0 5 3 26.8132
2 0 5 4 25.0293
2 0 5 5 25.3862
2 0 5 6 27.4606
2 0 5 7 22.3402
2 0 5 8 27.0307
2 0 5 9 28.5378
2 0 5 10 29.2827
2 0 5 11 26.7954
2 0 5 12 24.0608
2 0 5 13 27.2544
2 0 5 14 20.8698
2 0 5 15 25.9235
2 0 5 16 23.231
2 0 5 17 27.6341
2 0 5 18 26.5018
2 0 5 19 27.7884
2 0 5 20 28.4051
2 0 5 21 27.0232
2 0 5 22 25.3581
2 0 5 23 28.6728
2 0 6 0 25.8711
2 0 6 1 24.1605
2 0 6 2 26.2242
2 0 6 3 27.0315
2 0 6 4 26.4245
2 0 6 5 26.8539
2 0 6 6 25.1612
2 0 6 7 25.1472
2 0 6 8 27.4203
2 0 6 9 25.5737
2 0 6 10 25.9192
2 0 6 11 25.5617
2 0 6 12 24.6189
2 0 6 13 26.8578
2 0 6 14 27.0557
2 0 6 15 26.3974
2 0 6 16 24.8401
2 0 6 17 25.9533
2 0 6 18 26.7913
2 0 6 19 23.048
2 0 6 20 25.1836
2 0 6 21 26.0435
2 0 6 22 25.6663
2 0 6 23 23.6811
2 0 7 0 22.6275
2 0 7 1 23.4036
2 0 7 2 24.3889
2 0 7 3 23.6444
2 0 7 4 23.9474
2 0 7 5 23.6226
2 0 7 6 24.3341
2 0 7 7 22.0631
2 0 7 8 25.002
2 0 7 9 26.6651
2 0 7 10 24.0685
2 0 7 11 22.4675
2 0 7 12 22.6778
2 0 7 13 24.5656
2 0 7 14 25.4704
2 0 7 15 24.314
2 0 7 16 24.1349
2 0 7 17 25.9265
2 0 7 18 24.9755
2 0 7 19 26.0312
2 0 7 20 25.0321
2 0 7 21 23.1137
2 0 7 22 23.6414
2 0 7 23 24.9511
2 0 8 0 25.3308
2 0 8 1 26.7607
2 0 8 2 27.1858
2 0 8 3 26.1031
2 0 8 4 27.0224
2 0 8 5 26.2158
2 0 8 6 27.3034
2 0 8 7 25.7255
2 0 8 8 25.7939
2 0 8 9 26.0109
2 0 8 10 28.4874
2 0 8 11 24.5517
2 0 8 12 25.8484
2 0 8 13 26.4791
2 0 8 14 23.7926
2 0 8 15 26.5109
2 0 8 16 26.6794
2 0 8 17 20.88
2 0 8 18 26.6614
2 0 8 19 26.0465
2 0 8 20 26.5365
2 0 8 21 21.5219
2 0 8 22 26.3396
2 0 8 23 25.9301
2 0 9 0 24.6447
2 0 9 1 25.2691
2 0 9 2 26.9743
2 0 9 3 27.7428
2 0 9 4 26.0566
2 0 9 5 25.5129
2 0 9 6 27.0854
2 0 9 7 27.3202
2 0 9 8 26.5049
2 0 9 9 26.3943
2 0 9 10 27.3647
2 0 9 11 27.3819
2 0 9 12 27.992
2 0 9 13 26.3715
2 0 9 14 28.1271
2 0 9 15 27.0337
2 0 9 16 26.7767
2 0 9 17 26.8213
2 0 9 18 27.4759
2 0 9 19 28.7199
2 0 9 20 27.2163
2 0 9 21 25.8127
2 0 9 22 27.952
2 0 9 23 26.88
2 0 10 0 23.6791
2 0 10 1 25.9475
2 0 10 2 26.0275
2 0 10 3 26.407
2 0 10 4 27.841
2 0 10 5 24.0834
2 0 10 6 25.7426
2 0 10 7 27.2962
2 0 10 8 28.2818
2 0 10 9 26.9345
2 0 10 10 26.7134
2 0 10 11 24.2976
2 0 10 12 27.3939
2 0 10 13 26.9052
2 0 10 14 26.9132
2 0 10 15 21.9287
2 0 10 16 22.2143
2 0 10 17 26.8332
2 0 10 18 26.3846
2 0 10 19 26.8075
2 0 10 20 25.5904
2 0 10 21 26.571
2 0 10 22 22.1653
2 0 10 23 26.5171
2 1 0 0 24.4056
2 1 0 1 24.0008
2 1 0 2 24.8199
2 1 0 3 24.5361
2 1 0 4 24.3547
2 1 0 5 24.8243
2 1 0 6 25.3433
2 1 0 7 24.5744
2 1 0 8 25.3337
2 1 0 9 24.5379
2 1 0 10 24.8098
2 1 0 11 23.8962
2 1 0 12 24.8007
2 1 0 13 24.9253
2 1 0 14 24.31
2 1 0 15 24.1963
2 1 0 16 25.2281
2 1 0 17 24.1518
2 1 0 18 25.5638
2 1 0 19 25.1012
2 1 0 20 24.6851
2 1 0 21 24.8465
2 1 0 22 24.4303
2 1 0 23 25.665
2 1 1 0 24.3829
2 1 1 1 25.0185
2 1 1 2 23.4988
2 1 1 3 23.2576
2 1 1 4 26.4643
2 1 1 5 25.2912
2 1 1 6 24.9238
2 1 1 7 25.5293
2 1 1 8 27.0741
2 1 1 9 27.847
2 1 1 10 23.8808
2 1 1 11 24.1701
2 1 1 12 24.8483
2 1 1 13 25.8892
2 1 1 14 24.3178
2 1 1 15 24.8744
2 1 1 16 25.1483
2 1 1 17 25.5478
2 1 1 18 25.8951
2 1 1 19 25.503
2 1 1 20 25.2226
2 1 1 21 23.5752
2 1 1 22 23.4079
2 1 1 23 24.9483
2 1 2 0 26.1557
2 1 2 1 24.9873
2 1 2 2 26.2094
2 1 2 3 26.7366
2 1 2 4 25.522
2 1 2 5 25.689
2 1 2 6 25.5334
2 1 2 7 26.5075
2 1 2 8 23.412
2 1 2 9 24.2324
2 1 2 10 26.0661
2 1 2 11 26.5633
2 1 2 12 25.556
2 1 2 13 26.6605
2 1 2 14 25.8384
2 1 2 15 25.747
2 1 2 16 26.0861
2 1 2 17 23.2773
2 1 2 18 25.3225
2 1 2 19 25.7874
2 1 2 20 27.3697
2 1 2 21 24.774
2 1 2 22 23.7209
2 1 2 23 24.7813
2 1 3 0 25.2853
2 1 3 1 24.2837
2 1 3 2 24.6281
2 1 3 3 25.8624
2 1 3 4 26.4955
2 1 3 5 24.949
2 1 3 6 23.5762
2 1 3 7 25.0527
2 1 3 8 25.1139
2 1 3 9 26.3091
2 1 3 10 25.0885
2 1 3 11 23.8226
2 1 3 12 23.1446
2 1 3 13 24.416
2 1 3 14 23.6127
2 1 3 15 24.3699
2 1 3 16 25.3896
2 1 3 17 25.2401
2 1 3 18 26.4141
2 1 3 19 25.2161
2 1 3 20 25.1403
2 1 3 21 25.8672
2 1 3 22 24.3834
2 1 3 23 25.4779
2 1 4 0 25.1465
2 1 4 1 25.7814
2 1 4 2 25.1164
2 1 4 3 24.9453
2 1 4 4 25.7488
2 1 4 5 25.2267
2 1 4 6 26.2014
2 1 4 7 25.1339
2 1 4 8 24.0495
2 1 4 9 24.7869
2 1 4 10 24.654
2 1 4 11 24.514
2 1 4 12 23.9672
2 1 4 13 24.8328
2 1 4 14 25.8814
2 1 4 15 24.9658
2 1 4 16 24.4424
2 1 4 17 25.4564
2 1 4 18 25.4293
2 1 4 19 25.2454
2 1 4 20 25.4648
2 1 4 21 24.543
2 1 4 22 26.3023
2 1 4 23 27.5815
2 1 5 0 25.2899
2 1 5 1 25.5175
2 1 5 2 24.2477
2 1 5 3 26.6112
2 1 5 4 24.602
2 1 5 5 26.8226
2 1 5 6 26.4746
2 1 5 7 25.9731
2 1 5 8 25.4062
2 1 5 9 22.0354
2 1 5 10 26.0626
2 1 5 11 26.0069
2 1 5 12 24.8861
2 1 5 13 25.3406
2 1 5 14 25.6946
2 1 5 15 21.5314
2 1 5 16 26.0863
2 1 5 17 24.2032
2 1 5 18 24.3597
2 1 5 19 24.8748
2 1 5 20 24.7156
2 1 5 21 25.2056
2 1 5 22 25.4415
2 1 5 23 23.9341
2 1 6 0 26.9093
2 1 6 1 26.3504
2 1 6 2 27.4752
2 1 6 3 24.7888
2 1 6 4 27.7247
2 1 6 5 27.0667
2 1 6 6 26.9434
2 1 6 7 24.4101
2 1 6 8 26.271
2 1 6 9 26.558
2 1 6 10 26.5284
2 1 6 11 27.1706
2 1 6 12 25.5436
2 1 6 13 26.5376
2 1 6 14 25.9268
2 1 6 15 27.1692
2 1 6 16 25.2481
2 1 6 17 27.0935
2 1 6 18 26.6077
2 1 6 19 27.428
2 1 6 20 28.4803
2 1 6 21 27.6252
2 1 6 22 26.954
2 1 6 23 24.9274
2 1 7 0 25.9904
2 1 7 1 24.3782
2 1 7 2 24.5
2 1 7 3 24.7303
2 1 7 4 24.4307
2 1 7 5 26.8838
2 1 7 6 24.3815
2 1 7 7 24.7956
2 1 7 8 27.1201
2 1 7 9 25.9711
2 1 7 10 22.9595
2 1 7 11 27.0224
2 1 7 12 26.0716
2 1 7 13 26.5864
2 1 7 14 25.5836
2 1 7 15 26.3876
2 1 7 16 26.3612
2 1 7 17 26.2964
2 1 7 18 24.8685
2 1 7 19 27.2879
2 1 7 20 26.1519
2 1 7 21 26.1583
2 1 7 22 23.3855
2 1 7 23 26.3968
2 1 8 0 25.9671
2 1 8 1 26.5114
2 1 8 2 25.8729
2 1 8 3 25.0169
2 1 8 4 22.6265
2 1 8 5 27.1924
2 1 8 6 25.4579
2 1 8 7 24.4574
2 1 8 8 24.2743
2 1 8 9 23.5848
2 1 8 10 24.2718
2 1 8 11 24.249
2 1 8 12 23.1828
2 1 8 13 26.9192
2 1 8 14 25.354
2 1 8 15 27.301
2 1 8 16 25.8225
2 1 8 17 25.0161
2 1 8 18 25.6462
2 1 8 19 26.9911
2 1 8 20 25.8044
2 1 8 21 26.1217
2 1 8 22 25.5301
2 1 8 23 25.5009
2 1 9 0 25.1868
2 1 9 1 25.3197
2 1 9 2 24.6388
2 1 9 3 26.6054
2 1 9 4 27.6213
2 1 9 5 27.9165
2 1 9 6 24.157
2 1 9 7 27.4117
2 1 9 8 28.213
2 1 9 9 28.0649
2 1 9 10 28.3503
2 1 9 11 27.155
2 1 9 12 27.1528
2 1 9 13 27.62
2 1 9 14 28.3444
2 1 9 15 28.2045
2 1 9 16 27.0412
2 1 9 17 27.9504
2 1 9 18 27.438
2 1 9 19 28.8996
2 1 9 20 26.8756
2 1 9 21 28.4711
2 1 9 22 25.2509
2 1 9 23 27.1482
2 1 10 0 24.0822
2 1 10 1 22.8865
2 1 10 2 24.0058
2 1 10 3 27.4068
2 1 10 4 26.2757
2 1 10 5 24.2647
2 1 10 6 21.3532
2 1 10 7 23.2059
2 1 10 8 24.9112
2 1 10 9 26.0642
2 1 10 10 26.5898
2 1 10 11 25.4342
2 1 10 12 24.681
2 1 10 13 25.3766
2 1 10 14 26.6469
2 1 10 15 24.7733
2 1 10 16 24.6899
2 1 10 17 24.7553
2 1 10 18 25.0823
2 1 10 19 23.1421
2 1 10 20 26.5223
2 1 10 21 25.7339
2 1 10 22 26.9886
2 1 10 23 26.3374
