2 0 0 0 23.5654
2 0 0 1 22.1693
2 0 0 2 22.5319
2 0 0 3 22.777
2 0 0 4 22.9065
2 0 0 5 23.2914
2 0 0 6 23.1563
2 0 0 7 23.2012
2 0 0 8 22.7302
2 0 0 9 22.3111
2 0 0 10 22.8914
2 0 0 11 22.9574
2 0 0 12 22.6937
2 0 0 13 22.7741
2 0 0 14 23.0307
2 0 0 15 21.9819
2 0 0 16 22.8025
2 0 0 17 22.3017
2 0 0 18 22.2131
2 0 0 19 22.6137
2 0 0 20 22.0477
2 0 0 21 22.904
2 0 0 22 21.876
2 0 0 23 22.6703
2 0 1 0 22.8686
2 0 1 1 24.8734
2 0 1 2 22.9338
2 0 1 3 22.3365
2 0 1 4 23.3422
2 0 1 5 23.7975
2 0 1 6 22.7969
2 0 1 7 23.3516
2 0 1 8 23.5991
2 0 1 9 23.3663
2 0 1 10 23.6673
2 0 1 11 23.7479
2 0 1 12 23.6914
2 0 1 13 23.7452
2 0 1 14 23.3018
2 0 1 15 23.5021
2 0 1 16 22.9534
2 0 1 17 23.5437
2 0 1 18 24.4189
2 0 1 19 23.0702
2 0 1 20 23.0525
2 0 1 21 23.8137
2 0 1 22 22.5267
2 0 1 23 23.7345
2 0 2 0 24.0928
2 0 2 1 24.0951
2 0 2 2 23.3367
2 0 2 3 23.0374
2 0 2 4 23.6753
2 0 2 5 22.7759
2 0 2 6 23.1801
2 0 2 7 23.4251
2 0 2 8 22.8672
2 0 2 9 23.883
2 0 2 10 24.0399
2 0 2 11 23.5095
2 0 2 12 23.4789
2 0 2 13 22.9866
2 0 2 14 23.3559
2 0 2 15 23.0747
2 0 2 16 23.7316
2 0 2 17 23.1528
2 0 2 18 23.2395
2 0 2 19 22.9976
2 0 2 20 22.7761
2 0 2 21 23.6979
2 0 2 22 23.4369
2 0 2 23 23.5893
2 0 3 0 24.2446
2 0 3 1 23.7952
2 0 3 2 23.2418
2 0 3 3 23.3288
2 0 3 4 23.7158
2 0 3 5 23.0098
2 0 3 6 23.8387
2 0 3 7 23.3881
2 0 3 8 22.5807
2 0 3 9 23.0452
2 0 3 10 23.3885
2 0 3 11 23.0784
2 0 3 12 23.7569
2 0 3 13 23.9926
2 0 3 14 23.7128
2 0 3 15 23.9755
2 0 3 16 23.4574
2 0 3 17 23.4018
2 0 3 18 23.2994
2 0 3 19 23.1815
2 0 3 20 23.4213
2 0 3 21 24.7195
2 0 3 22 24.4792
2 0 3 23 24.8339
2 0 4 0 23.7396
2 0 4 1 23.9589
2 0 4 2 23.878
2 0 4 3 23.1697
2 0 4 4 24.2987
2 0 4 5 23.2842
2 0 4 6 22.8888
2 0 4 7 23.4714
2 0 4 8 24.1944
2 0 4 9 24.2037
2 0 4 10 24.787
2 0 4 11 24.6106
2 0 4 12 23.8982
2 0 4 13 23.4979
2 0 4 14 24.1138
2 0 4 15 23.9684
2 0 4 16 23.3526
2 0 4 17 23.3144
2 0 4 18 23.6745
2 0 4 19 23.3166
2 0 4 20 24.6956
2 0 4 21 23.8433
2 0 4 22 24.0357
2 0 4 23 23.8416
2 0 5 0 24.7995
2 0 5 1 24.7198
2 0 5 2 23.2764
2 0 5 3 24.6107
2 0 5 4 24.033
2 0 5 5 24.0371
2 0 5 6 24.0646
2 0 5 7 24.3396
2 0 5 8 24.0678
2 0 5 9 23.9383
2 0 5 10 24.4243
2 0 5 11 23.6898
2 0 5 12 24.3734
2 0 5 13 23.6208
2 0 5 14 23.7734
2 0 5 15 24.407
2 0 5 16 23.9392
2 0 5 17 23.5835
2 0 5 18 23.9097
2 0 5 19 24.4874
2 0 5 20 25.1607
2 0 5 21 23.0175
2 0 5 22 24.141
2 0 5 23 24.0044
2 0 6 0 24.4296
2 0 6 1 24.6399
2 0 6 2 23.1619
2 0 6 3 24.6383
2 0 6 4 24.4951
2 0 6 5 24.1933
2 0 6 6 25.1488
2 0 6 7 23.0189
2 0 6 8 24.2703
2 0 6 9 24.9097
2 0 6 10 23.9706
2 0 6 11 23.3906
2 0 6 12 23.0642
2 0 6 13 24.306
2 0 6 14 23.3287
2 0 6 15 23.7082
2 0 6 16 23.1758
2 0 6 17 23.9082
2 0 6 18 23.5024
2 0 6 19 24.0517
2 0 6 20 24.6373
2 0 6 21 24.8198
2 0 6 22 24.7483
2 0 6 23 24.7456
2 0 7 0 23.9435
2 0 7 1 23.9236
2 0 7 2 23.2358
2 0 7 3 23.936
2 0 7 4 24.7093
2 0 7 5 23.4363
2 0 7 6 24.0386
2 0 7 7 24.1883
2 0 7 8 23.6445
2 0 7 9 24.3657
2 0 7 10 23.4922
2 0 7 11 23.7506
2 0 7 12 24.4254
2 0 7 13 23.7056
2 0 7 14 24.0891
2 0 7 15 23.5196
2 0 7 16 23.6994
2 0 7 17 24.9541
2 0 7 18 24.575
2 0 7 19 24.445
2 0 7 20 23.8291
2 0 7 21 23.9922
2 0 7 22 24.0513
2 0 7 23 24.8196
2 0 8 0 23.3887
2 0 8 1 24.3346
2 0 8 2 23.4286
2 0 8 3 24.604
2 0 8 4 24.1315
2 0 8 5 24.3972
2 0 8 6 23.5048
2 0 8 7 24.1286
2 0 8 8 23.878
2 0 8 9 23.7329
2 0 8 10 23.9024
2 0 8 11 24.0825
2 0 8 12 24.3767
2 0 8 13 24.0277
2 0 8 14 23.5631
2 0 8 15 24.1798
2 0 8 16 24.44
2 0 8 17 23.1025
2 0 8 18 24.1521
2 0 8 19 23.7443
2 0 8 20 24.7533
2 0 8 21 24.569
2 0 8 22 25.9081
2 0 8 23 24.8389
2 0 9 0 23.9415
2 0 9 1 23.5848
2 0 9 2 23.5868
2 0 9 3 24.9427
2 0 9 4 23.8684
2 0 9 5 23.6385
2 0 9 6 23.7274
2 0 9 7 23.798
2 0 9 8 23.3452
2 0 9 9 23.8904
2 0 9 10 23.6422
2 0 9 11 23.876
2 0 9 12 22.9916
2 0 9 13 23.3726
2 0 9 14 24.9238
2 0 9 15 23.8252
2 0 9 16 23.6059
2 0 9 17 23.9329
2 0 9 18 23.531
2 0 9 19 23.6194
2 0 9 20 24.0593
2 0 9 21 24.9697
2 0 9 22 23.7221
2 0 9 23 25.6843
2 0 10 0 23.5873
2 0 10 1 23.3071
2 0 10 2 23.7739
2 0 10 3 23.9173
2 0 10 4 23.2647
2 0 10 5 24.4696
2 0 10 6 24.2519
2 0 10 7 23.3755
2 0 10 8 22.6589
2 0 10 9 24.1177
2 0 10 10 23.9238
2 0 10 11 22.9213
2 0 10 12 24.12
2 0 10 13 22.774
2 0 10 14 23.4271
2 0 10 15 24.611
2 0 10 16 23.9091
2 0 10 17 23.8825
2 0 10 18 23.434
2 0 10 19 24.3681
2 0 10 20 24.6442
2 0 10 21 23.1629
2 0 10 22 22.9816
2 0 10 23 23.4073
2 1 0 0 22.1884
2 1 0 1 23.184
2 1 0 2 22.4893
2 1 0 3 22.6042
2 1 0 4 22.8671
2 1 0 5 22.8362
2 1 0 6 22.1741
2 1 0 7 22.4041
2 1 0 8 23.2146
2 1 0 9 23.086
2 1 0 10 22.0814
2 1 0 11 21.6949
2 1 0 12 22.5427
2 1 0 13 23.0494
2 1 0 14 22.5039
2 1 0 15 22.5517
2 1 0 16 22.3361
2 1 0 17 22.4501
2 1 0 18 21.8704
2 1 0 19 22.1007
2 1 0 20 22.1306
2 1 0 21 22.7693
2 1 0 22 22.3225
2 1 0 23 21.8322
2 1 1 0 24.1945
2 1 1 1 23.9778
2 1 1 2 24.3887
2 1 1 3 23.2139
2 1 1 4 23.0156
2 1 1 5 23.3182
2 1 1 6 23.6664
2 1 1 7 23.1191
2 1 1 8 24.5134
2 1 1 9 23.1887
2 1 1 10 24.3232
2 1 1 11 23.3313
2 1 1 12 23.243
2 1 1 13 24.2165
2 1 1 14 24.0521
2 1 1 15 23.9788
2 1 1 16 23.6173
2 1 1 17 23.424
2 1 1 18 23.6403
2 1 1 19 23.2877
2 1 1 20 23.3972
2 1 1 21 23.66
2 1 1 22 24.3027
2 1 1 23 22.96
2 1 2 0 23.7928
2 1 2 1 23.6955
2 1 2 2 23.5671
2 1 2 3 23.3742
2 1 2 4 22.7627
2 1 2 5 23.1928
2 1 2 6 23.4145
2 1 2 7 24.2214
2 1 2 8 23.532
2 1 2 9 22.9518
2 1 2 10 23.0942
2 1 2 11 23.8284
2 1 2 12 23.4426
2 1 2 13 23.9013
2 1 2 14 24.3724
2 1 2 15 23.1742
2 1 2 16 23.9078
2 1 2 17 23.4528
2 1 2 18 22.6908
2 1 2 19 23.6902
2 1 2 20 23.56
2 1 2 21 23.8652
2 1 2 22 23.0967
2 1 2 23 22.7555
2 1 3 0 23.8002
2 1 3 1 23.9769
2 1 3 2 23.4176
2 1 3 3 23.3336
2 1 3 4 23.3097
2 1 3 5 23.2318
2 1 3 6 23.2318
2 1 3 7 22.7756
2 1 3 8 23.6727
2 1 3 9 22.9083
2 1 3 10 23.9916
2 1 3 11 23.1831
2 1 3 12 23.0422
2 1 3 13 24.2134
2 1 3 14 23.1887
2 1 3 15 23.2612
2 1 3 16 24.1826
2 1 3 17 23.3413
2 1 3 18 23.3813
2 1 3 19 24.3186
2 1 3 20 23.2067
2 1 3 21 23.0967
2 1 3 22 22.8109
2 1 3 23 23.6216
2 1 4 0 23.4992
2 1 4 1 23.7221
2 1 4 2 24.5449
2 1 4 3 23.706
2 1 4 4 24.4973
2 1 4 5 24.1981
2 1 4 6 23.0017
2 1 4 7 24.0377
2 1 4 8 23.3018
2 1 4 9 24.2008
2 1 4 10 24.3231
2 1 4 11 23.5895
2 1 4 12 23.3719
2 1 4 13 24.2378
2 1 4 14 23.8531
2 1 4 15 24.6334
2 1 4 16 24.3263
2 1 4 17 23.4862
2 1 4 18 24.13
2 1 4 19 23.5035
2 1 4 20 23.6226
2 1 4 21 23.3855
2 1 4 22 23.4628
2 1 4 23 22.7996
2 1 5 0 23.17
2 1 5 1 23.5073
2 1 5 2 25.2074
2 1 5 3 23.3878
2 1 5 4 23.7507
2 1 5 5 23.3925
2 1 5 6 22.8495
2 1 5 7 23.1374
2 1 5 8 24.0343
2 1 5 9 23.6263
2 1 5 10 23.7107
2 1 5 11 23.252
2 1 5 12 23.6811
2 1 5 13 24.1357
2 1 5 14 23.575
2 1 5 15 24.4091
2 1 5 16 23.6427
2 1 5 17 23.5583
2 1 5 18 24.0715
2 1 5 19 23.2231
2 1 5 20 23.8786
2 1 5 21 22.9965
2 1 5 22 23.6072
2 1 5 23 23.2842
2 1 6 0 24.0124
2 1 6 1 23.7693
2 1 6 2 23.9132
2 1 6 3 23.677
2 1 6 4 22.9825
2 1 6 5 23.2714
2 1 6 6 24.5122
2 1 6 7 23.2469
2 1 6 8 24.2386
2 1 6 9 23.7707
2 1 6 10 23.1095
2 1 6 11 24.2224
2 1 6 12 23.6171
2 1 6 13 23.4779
2 1 6 14 24.0298
2 1 6 15 23.8186
2 1 6 16 23.5354
2 1 6 17 24.6073
2 1 6 18 23.8616
2 1 6 19 23.0142
2 1 6 20 23.8996
2 1 6 21 25.2878
2 1 6 22 23.8806
2 1 6 23 23.1269
2 1 7 0 23.1436
2 1 7 1 23.8307
2 1 7 2 24.0036
2 1 7 3 23.2211
2 1 7 4 22.7146
2 1 7 5 23.6536
2 1 7 6 23.903
2 1 7 7 23.6604
2 1 7 8 23.9005
2 1 7 9 23.5601
2 1 7 10 23.0422
2 1 7 11 24.0037
2 1 7 12 23.5166
2 1 7 13 23.7153
2 1 7 14 23.2292
2 1 7 15 22.5969
2 1 7 16 24.4646
2 1 7 17 24.4356
2 1 7 18 23.0433
2 1 7 19 22.8798
2 1 7 20 22.6123
2 1 7 21 24.2867
2 1 7 22 23.9486
2 1 7 23 23.8821
2 1 8 0 23.4898
2 1 8 1 23.2732
2 1 8 2 22.6609
2 1 8 3 23.4707
2 1 8 4 22.905
2 1 8 5 23.4138
2 1 8 6 23.6456
2 1 8 7 23.4386
2 1 8 8 24.3374
2 1 8 9 23.963
2 1 8 10 23.349
2 1 8 11 23.9921
2 1 8 12 23.8945
2 1 8 13 23.1334
2 1 8 14 23.8372
2 1 8 15 23.0773
2 1 8 16 23.8504
2 1 8 17 23.9402
2 1 8 18 24.1638
2 1 8 19 23.3877
2 1 8 20 24.3441
2 1 8 21 24.2105
2 1 8 22 23.4622
2 1 8 23 24.5771
2 1 9 0 23.2783
2 1 9 1 24.8433
2 1 9 2 23.7267
2 1 9 3 23.828
2 1 9 4 23.7854
2 1 9 5 23.9821
2 1 9 6 23.44
2 1 9 7 23.5762
2 1 9 8 24.1515
2 1 9 9 22.5008
2 1 9 10 23.744
2 1 9 11 23.5688
2 1 9 12 23.3417
2 1 9 13 23.5417
2 1 9 14 22.7005
2 1 9 15 23.9366
2 1 9 16 23.7608
2 1 9 17 24.4797
2 1 9 18 23.0174
2 1 9 19 23.846
2 1 9 20 23.7349
2 1 9 21 24.8978
2 1 9 22 23.2823
2 1 9 23 23.3889
2 1 10 0 23.0278
2 1 10 1 23.5753
2 1 10 2 23.4525
2 1 10 3 22.5123
2 1 10 4 22.4991
2 1 10 5 23.0489
2 1 10 6 22.9219
2 1 10 7 23.4366
2 1 10 8 23.3728
2 1 10 9 23.3655
2 1 10 10 22.2114
2 1 10 11 22.2374
2 1 10 12 23.2771
2 1 10 13 23.2988
2 1 10 14 23.1031
2 1 10 15 23.7455
2 1 10 16 22.7156
2 1 10 17 23.3804
2 1 10 18 21.8758
2 1 10 19 23.419
2 1 10 20 22.0559
2 1 10 21 23.2114
2 1 10 22 22.876
2 1 10 23 22.5261
