3 0 0 0 25.3724
3 0 0 1 21.8832
3 0 0 2 25.4525
3 0 0 3 24.6036
3 0 0 4 24.0717
3 0 0 5 23.8759
3 0 0 6 24.8713
3 0 0 7 24.7708
3 0 0 8 23.1137
3 0 0 9 24.8381
3 0 0 10 25.0781
3 0 0 11 24.0136
3 0 0 12 22.6653
3 0 0 13 25.1155
3 0 0 14 23.4097
3 0 0 15 24.6749
3 0 0 16 23.1176
3 0 0 17 24.5042
3 0 0 18 24.0974
3 0 0 19 24.3349
3 0 0 20 24.7664
3 0 0 21 23.4778
3 0 0 22 23.3591
3 0 0 23 25.5629
3 0 1 0 24.3392
3 0 1 1 25.11
3 0 1 2 23.9371
3 0 1 3 22.9922
3 0 1 4 22.853
3 0 1 5 22.3521
3 0 1 6 20.5536
3 0 1 7 23.1155
3 0 1 8 21.5945
3 0 1 9 25.2128
3 0 1 10 25.6233
3 0 1 11 23.8199
3 0 1 12 24.5881
3 0 1 13 24.2584
3 0 1 14 25.0212
3 0 1 15 21.5015
3 0 1 16 24.7428
3 0 1 17 25.0108
3 0 1 18 26.0556
3 0 1 19 24.3119
3 0 1 20 24.4208
3 0 1 21 23.3911
3 0 1 22 23.988
3 0 1 23 25.054
3 0 2 0 22.3892
3 0 2 1 21.2438
3 0 2 2 24.8469
3 0 2 3 24.1875
3 0 2 4 21.1695
3 0 2 5 24.9427
3 0 2 6 22.0277
3 0 2 7 22.7613
3 0 2 8 22.9728
3 0 2 9 24.9618
3 0 2 10 21.4911
3 0 2 11 23.3258
3 0 2 12 21.4278
3 0 2 13 24.2148
3 0 2 14 21.7787
3 0 2 15 23.428
3 0 2 16 21.4306
3 0 2 17 23.191
3 0 2 18 24.775
3 0 2 19 24.1221
3 0 2 20 24.7583
3 0 2 21 24.2691
3 0 2 22 21.2278
3 0 2 23 21.8104
3 0 3 0 24.2858
3 0 3 1 24.2124
3 0 3 2 23.8822
3 0 3 3 23.7511
3 0 3 4 24.1926
3 0 3 5 24.7658
3 0 3 6 25.4716
3 0 3 7 25.1455
3 0 3 8 25.4217
3 0 3 9 24.37
3 0 3 10 24.765
3 0 3 11 25.3838
3 0 3 12 23.5892
3 0 3 13 25.2437
3 0 3 14 24.3768
3 0 3 15 25.6657
3 0 3 16 22.4917
3 0 3 17 24.831
3 0 3 18 24.1895
3 0 3 19 25.4671
3 0 3 20 25.5082
3 0 3 21 26.1473
3 0 3 22 24.7871
3 0 3 23 24.8845
3 0 4 0 26.0766
3 0 4 1 24.8989
3 0 4 2 27.3388
3 0 4 3 24.2219
3 0 4 4 24.5858
3 0 4 5 25.491
3 0 4 6 25.7798
3 0 4 7 24.909
3 0 4 8 26.4294
3 0 4 9 26.3084
3 0 4 10 25.5447
3 0 4 11 25.1476
3 0 4 12 25.3462
3 0 4 13 25.757
3 0 4 14 26.8483
3 0 4 15 25.8297
3 0 4 16 25.9019
3 0 4 17 26.1974
3 0 4 18 24.3683
3 0 4 19 26.503
3 0 4 20 25.0101
3 0 4 21 26.8785
3 0 4 22 26.2282
3 0 4 23 27.5661
3 0 5 0 26.203
3 0 5 1 25.7209
3 0 5 2 27.1413
3 0 5 3 27.0081
3 0 5 4 27.1357
3 0 5 5 26.8812
3 0 5 6 24.5316
3 0 5 7 27.0409
3 0 5 8 27.3673
3 0 5 9 28.0429
3 0 5 10 27.4301
3 0 5 11 26.5875
3 0 5 12 26.3014
3 0 5 13 25.4667
3 0 5 14 27.897
3 0 5 15 26.3376
3 0 5 16 26.1228
3 0 5 17 27.0775
3 0 5 18 27.182
3 0 5 19 26.3763
3 0 5 20 27.4917
3 0 5 21 26.8575
3 0 5 22 25.7491
3 0 5 23 26.0272
3 0 6 0 23.0521
3 0 6 1 21.8473
3 0 6 2 23.5978
3 0 6 3 25.7201
3 0 6 4 21.6093
3 0 6 5 21.678
3 0 6 6 19.2622
3 0 6 7 22.8221
3 0 6 8 22.6107
3 0 6 9 24.1868
3 0 6 10 23.198
3 0 6 11 21.1044
3 0 6 12 20.4128
3 0 6 13 19.0143
3 0 6 14 24.3823
3 0 6 15 22.8758
3 0 6 16 20.8563
3 0 6 17 20.3072
3 0 6 18 20.7725
3 0 6 19 22.5194
3 0 6 20 21.6944
3 0 6 21 25.8351
3 0 6 22 20.8913
3 0 6 23 20.7078
3 0 7 0 23.0707
3 0 7 1 22.372
3 0 7 2 26.5941
3 0 7 3 25.0506
3 0 7 4 24.1834
3 0 7 5 25.9329
3 0 7 6 24.1609
3 0 7 7 26.5941
3 0 7 8 20.9207
3 0 7 9 23.01
3 0 7 10 21.9828
3 0 7 11 23.3503
3 0 7 12 25.6096
3 0 7 13 24.9408
3 0 7 14 26.0211
3 0 7 15 23.6401
3 0 7 16 27.7436
3 0 7 17 27.2305
3 0 7 18 27.1785
3 0 7 19 25.9184
3 0 7 20 24.7327
3 0 7 21 24.9853
3 0 7 22 26.5237
3 0 7 23 22.5564
3 0 8 0 26.2831
3 0 8 1 25.6263
3 0 8 2 25.0143
3 0 8 3 24.9742
3 0 8 4 25.8473
3 0 8 5 26.0046
3 0 8 6 25.5979
3 0 8 7 25.5336
3 0 8 8 26.2342
3 0 8 9 26.3897
3 0 8 10 25.5303
3 0 8 11 26.1043
3 0 8 12 24.8739
3 0 8 13 27.2737
3 0 8 14 26.7996
3 0 8 15 25.2056
3 0 8 16 25.6911
3 0 8 17 27.5438
3 0 8 18 23.8508
3 0 8 19 26.5371
3 0 8 20 23.5963
3 0 8 21 23.5623
3 0 8 22 24.0942
3 0 8 23 25.1457
3 0 9 0 25.1874
3 0 9 1 25.1106
3 0 9 2 24.6702
3 0 9 3 24.6114
3 0 9 4 25.6916
3 0 9 5 25.255
3 0 9 6 24.6802
3 0 9 7 26.5062
3 0 9 8 24.7846
3 0 9 9 25.9613
3 0 9 10 25.2152
3 0 9 11 26.233
3 0 9 12 23.9269
3 0 9 13 23.8174
3 0 9 14 22.6344
3 0 9 15 24.6468
3 0 9 16 24.0467
3 0 9 17 27.5456
3 0 9 18 25.8141
3 0 9 19 25.0043
3 0 9 20 26.5849
3 0 9 21 23.4582
3 0 9 22 25.5755
3 0 9 23 26.3807
3 0 10 0 27.2487
3 0 10 1 27.5131
3 0 10 2 26.9696
3 0 10 3 28.8174
3 0 10 4 28.8854
3 0 10 5 29.5923
3 0 10 6 29.7122
3 0 10 7 30.103
3 0 10 8 27.5968
3 0 10 9 27.3415
3 0 10 10 26.333
3 0 10 11 26.6238
3 0 10 12 25.5289
3 0 10 13 27.1704
3 0 10 14 0
3 0 10 15 24.8752
3 0 10 16 28.2455
3 0 10 17 26.3526
3 0 10 18 26.9815
3 0 10 19 25.2016
3 0 10 20 27.4147
3 0 10 21 27.3815
3 0 10 22 27.594
3 0 10 23 26.8521
3 1 0 0 23.3303
3 1 0 1 23.7375
3 1 0 2 22.9108
3 1 0 3 23.4766
3 1 0 4 23.772
3 1 0 5 23.5729
3 1 0 6 22.9621
3 1 0 7 23.4819
3 1 0 8 24.5263
3 1 0 9 22.3288
3 1 0 10 23.448
3 1 0 11 22.5074
3 1 0 12 23.5704
3 1 0 13 23.6199
3 1 0 14 23.0979
3 1 0 15 23.0827
3 1 0 16 25.2693
3 1 0 17 24.3137
3 1 0 18 23.8423
3 1 0 19 23.7513
3 1 0 20 24.9754
3 1 0 21 24.5557
3 1 0 22 23.7767
3 1 0 23 23.9222
3 1 1 0 24.3382
3 1 1 1 24.1695
3 1 1 2 24.5481
3 1 1 3 25.2501
3 1 1 4 24.7964
3 1 1 5 24.4708
3 1 1 6 24.0544
3 1 1 7 23.0911
3 1 1 8 25.4821
3 1 1 9 23.2075
3 1 1 10 24.226
3 1 1 11 24.3514
3 1 1 12 23.1848
3 1 1 13 22.9256
3 1 1 14 25.3237
3 1 1 15 23.6993
3 1 1 16 24.5996
3 1 1 17 23.753
3 1 1 18 24.8719
3 1 1 19 24.6452
3 1 1 20 25.1692
3 1 1 21 23.4585
3 1 1 22 25.2496
3 1 1 23 24.5347
3 1 2 0 23.935
3 1 2 1 23.4784
3 1 2 2 25.5295
3 1 2 3 24.9375
3 1 2 4 25.0356
3 1 2 5 21.6622
3 1 2 6 24.7856
3 1 2 7 21.3358
3 1 2 8 20.6118
3 1 2 9 21.9077
3 1 2 10 24.7722
3 1 2 11 19.9624
3 1 2 12 23.2301
3 1 2 13 20.148
3 1 2 14 26.1172
3 1 2 15 22.9937
3 1 2 16 21.2585
3 1 2 17 23.7102
3 1 2 18 23.4669
3 1 2 19 23.14
3 1 2 20 25.0649
3 1 2 21 24.1093
3 1 2 22 23.2331
3 1 2 23 21.3001
3 1 3 0 25.3103
3 1 3 1 23.6629
3 1 3 2 25.191
3 1 3 3 23.9095
3 1 3 4 23.6182
3 1 3 5 24.3953
3 1 3 6 22.8627
3 1 3 7 24.124
3 1 3 8 24.681
3 1 3 9 23.222
3 1 3 10 25.0845
3 1 3 11 24.9768
3 1 3 12 23.7623
3 1 3 13 25.8033
3 1 3 14 24.008
3 1 3 15 23.3605
3 1 3 16 24.5186
3 1 3 17 23.2981
3 1 3 18 24.0468
3 1 3 19 23.4996
3 1 3 20 24.3219
3 1 3 21 24.203
3 1 3 22 23.0052
3 1 3 23 26.8307
3 1 4 0 25.1694
3 1 4 1 25.4854
3 1 4 2 25.0021
3 1 4 3 25.0779
3 1 4 4 25.7605
3 1 4 5 25.8028
3 1 4 6 23.1293
3 1 4 7 24.1849
3 1 4 8 25.3463
3 1 4 9 23.7093
3 1 4 10 26.3573
3 1 4 11 24.611
3 1 4 12 22.3557
3 1 4 13 22.6714
3 1 4 14 24.0758
3 1 4 15 22.7458
3 1 4 16 24.762
3 1 4 17 26.2823
3 1 4 18 25.0943
3 1 4 19 25.3336
3 1 4 20 24.7641
3 1 4 21 24.2418
3 1 4 22 22.9182
3 1 4 23 24.3606
3 1 5 0 24.737
3 1 5 1 25.9018
3 1 5 2 25.2075
3 1 5 3 24.2448
3 1 5 4 24.8481
3 1 5 5 26.0672
3 1 5 6 25.0363
3 1 5 7 23.6473
3 1 5 8 25.2045
3 1 5 9 25.3287
3 1 5 10 25.7686
3 1 5 11 23.5533
3 1 5 12 22.405
3 1 5 13 26.9047
3 1 5 14 24.4852
3 1 5 15 24.092
3 1 5 16 24.7769
3 1 5 17 23.7796
3 1 5 18 23.749
3 1 5 19 25.283
3 1 5 20 23.5447
3 1 5 21 25.9881
3 1 5 22 26.1005
3 1 5 23 23.459
3 1 6 0 22.5525
3 1 6 1 24.3373
3 1 6 2 22.9209
3 1 6 3 25.9992
3 1 6 4 25.3639
3 1 6 5 22.8982
3 1 6 6 24.4155
3 1 6 7 26.449
3 1 6 8 24.5987
3 1 6 9 25.8203
3 1 6 10 24.2453
3 1 6 11 23.0591
3 1 6 12 21.6975
3 1 6 13 22.8471
3 1 6 14 21.8255
3 1 6 15 21.654
3 1 6 16 24.9872
3 1 6 17 25.5658
3 1 6 18 25.0265
3 1 6 19 21.3734
3 1 6 20 22.6645
3 1 6 21 26.015
3 1 6 22 25.8945
3 1 6 23 22.6659
3 1 7 0 26.264
3 1 7 1 28.6897
3 1 7 2 25.3618
3 1 7 3 25.7487
3 1 7 4 26.9919
3 1 7 5 25.6727
3 1 7 6 24.6243
3 1 7 7 25.232
3 1 7 8 25.3212
3 1 7 9 25.7298
3 1 7 10 24.9826
3 1 7 11 23.3045
3 1 7 12 27.4769
3 1 7 13 26.5934
3 1 7 14 27.647
3 1 7 15 27.4401
3 1 7 16 27.0794
3 1 7 17 27.0691
3 1 7 18 26.5394
3 1 7 19 27.5795
3 1 7 20 27.8844
3 1 7 21 26.3285
3 1 7 22 23.9512
3 1 7 23 21.407
3 1 8 0 25.5144
3 1 8 1 26.4476
3 1 8 2 24.2142
3 1 8 3 27.1795
3 1 8 4 23.4581
3 1 8 5 25.7518
3 1 8 6 26.4568
3 1 8 7 27.5069
3 1 8 8 26.7824
3 1 8 9 26.8565
3 1 8 10 27.5171
3 1 8 11 23.5095
3 1 8 12 23.114
3 1 8 13 24.154
3 1 8 14 25.2368
3 1 8 15 23.7952
3 1 8 16 26.6016
3 1 8 17 24.4193
3 1 8 18 25.686
3 1 8 19 26.7692
3 1 8 20 26.41
3 1 8 21 25.8164
3 1 8 22 26.687
3 1 8 23 26.9028
3 1 9 0 23.7606
3 1 9 1 23.4155
3 1 9 2 23.1143
3 1 9 3 22.6096
3 1 9 4 24.7101
3 1 9 5 24.3042
3 1 9 6 24.3389
3 1 9 7 22.8533
3 1 9 8 23.1214
3 1 9 9 24.658
3 1 9 10 24.9535
3 1 9 11 25.1111
3 1 9 12 24.8378
3 1 9 13 25.0563
3 1 9 14 25.7607
3 1 9 15 23.3948
3 1 9 16 20.0489
3 1 9 17 25.4493
3 1 9 18 28.0154
3 1 9 19 26.0238
3 1 9 20 23.6714
3 1 9 21 24.0691
3 1 9 22 21.8259
3 1 9 23 25.8316
3 1 10 0 24.1178
3 1 10 1 25.3808
3 1 10 2 24.8591
3 1 10 3 25.9601
3 1 10 4 24.7801
3 1 10 5 23.6683
3 1 10 6 23.4067
3 1 10 7 24.1399
3 1 10 8 25.0433
3 1 10 9 24.8474
3 1 10 10 25.1481
3 1 10 11 26.5134
3 1 10 12 25.2547
3 1 10 13 23.4939
3 1 10 14 24.1724
3 1 10 15 24.1659
3 1 10 16 25.6695
3 1 10 17 25.1861
3 1 10 18 23.7436
3 1 10 19 25.5131
3 1 10 20 26.9489
3 1 10 21 24.6614
3 1 10 22 25.7128
3 1 10 23 24.7195
