4 0 0 0 22.8249
4 0 0 1 23.1746
4 0 0 2 22.5236
4 0 0 3 22.1128
4 0 0 4 22.4432
4 0 0 5 22.0904
4 0 0 6 22.1448
4 0 0 7 22.7887
4 0 0 8 21.8472
4 0 0 9 22.3962
4 0 0 10 22.3592
4 0 0 11 22.3797
4 0 0 12 21.759
4 0 0 13 22.3831
4 0 0 14 22.7112
4 0 0 15 23.0372
4 0 0 16 23.0661
4 0 0 17 22.4564
4 0 0 18 22.8914
4 0 0 19 22.3714
4 0 0 20 22.8861
4 0 0 21 22.5699
4 0 0 22 22.1623
4 0 0 23 22.4606
4 0 1 0 24.1389
4 0 1 1 23.3383
4 0 1 2 22.9483
4 0 1 3 23.5092
4 0 1 4 22.8965
4 0 1 5 22.2969
4 0 1 6 23.816
4 0 1 7 23.5158
4 0 1 8 22.9274
4 0 1 9 22.7602
4 0 1 10 23.779
4 0 1 11 23.2844
4 0 1 12 23.0977
4 0 1 13 23.3036
4 0 1 14 23.1877
4 0 1 15 24.5085
4 0 1 16 23.6222
4 0 1 17 23.4451
4 0 1 18 22.3497
4 0 1 19 22.3325
4 0 1 20 23.3968
4 0 1 21 23.4718
4 0 1 22 24.2895
4 0 1 23 23.4062
4 0 2 0 24.1657
4 0 2 1 23.1369
4 0 2 2 23.7109
4 0 2 3 22.8685
4 0 2 4 22.1173
4 0 2 5 23.3223
4 0 2 6 23.6998
4 0 2 7 23.8459
4 0 2 8 23.6718
4 0 2 9 24.0607
4 0 2 10 23.144
4 0 2 11 23.6688
4 0 2 12 23.3552
4 0 2 13 22.6473
4 0 2 14 23.6499
4 0 2 15 23.6049
4 0 2 16 24.5624
4 0 2 17 22.9712
4 0 2 18 23.7878
4 0 2 19 23.181
4 0 2 20 24.055
4 0 2 21 22.4958
4 0 2 22 23.4329
4 0 2 23 23.6902
4 0 3 0 23.2714
4 0 3 1 23.3781
4 0 3 2 23.3569
4 0 3 3 22.9871
4 0 3 4 22.7162
4 0 3 5 23.5521
4 0 3 6 23.2599
4 0 3 7 22.9576
4 0 3 8 23.9351
4 0 3 9 23.6242
4 0 3 10 23.4419
4 0 3 11 23.7445
4 0 3 12 23.9949
4 0 3 13 23.1487
4 0 3 14 23.1911
4 0 3 15 23.2734
4 0 3 16 23.2561
4 0 3 17 23.2463
4 0 3 18 23.6099
4 0 3 19 22.7496
4 0 3 20 23.2081
4 0 3 21 23.3583
4 0 3 22 23.6625
4 0 3 23 24.0479
4 0 4 0 24.0779
4 0 4 1 24.4528
4 0 4 2 23.3401
4 0 4 3 23.7493
4 0 4 4 23.8868
4 0 4 5 23.9176
4 0 4 6 23.8587
4 0 4 7 23.3109
4 0 4 8 23.7099
4 0 4 9 23.4572
4 0 4 10 24.2255
4 0 4 11 23.4905
4 0 4 12 24.0454
4 0 4 13 23.6579
4 0 4 14 24.088
4 0 4 15 24.2322
4 0 4 16 23.8408
4 0 4 17 24.1667
4 0 4 18 23.015
4 0 4 19 23.2366
4 0 4 20 23.7696
4 0 4 21 23.0972
4 0 4 22 23.1821
4 0 4 23 23.8465
4 0 5 0 24.1774
4 0 5 1 23.2434
4 0 5 2 23.2543
4 0 5 3 23.4737
4 0 5 4 24.0078
4 0 5 5 23.9495
4 0 5 6 23.8032
4 0 5 7 24.0996
4 0 5 8 23.521
4 0 5 9 23.7779
4 0 5 10 24.1237
4 0 5 11 23.5575
4 0 5 12 24.8578
4 0 5 13 23.3862
4 0 5 14 23.4922
4 0 5 15 24.2918
4 0 5 16 23.3599
4 0 5 17 24.2683
4 0 5 18 23.6126
4 0 5 19 23.6453
4 0 5 20 24.4408
4 0 5 21 24.0132
4 0 5 22 24.408
4 0 5 23 23.8592
4 0 6 0 23.366
4 0 6 1 23.104
4 0 6 2 24.6492
4 0 6 3 23.2435
4 0 6 4 23.2165
4 0 6 5 24.4173
4 0 6 6 23.983
4 0 6 7 24.5566
4 0 6 8 24.0572
4 0 6 9 23.3619
4 0 6 10 24.3717
4 0 6 11 23.6454
4 0 6 12 24.7244
4 0 6 13 23.695
4 0 6 14 24.3171
4 0 6 15 23.4565
4 0 6 16 23.5228
4 0 6 17 23.9743
4 0 6 18 24.7759
4 0 6 19 25.1592
4 0 6 20 24.3037
4 0 6 21 24.5996
4 0 6 22 23.9474
4 0 6 23 24.339
4 0 7 0 23.4382
4 0 7 1 23.0819
4 0 7 2 24.7241
4 0 7 3 22.6864
4 0 7 4 23.8267
4 0 7 5 23.9786
4 0 7 6 24.0992
4 0 7 7 24.1836
4 0 7 8 24.0921
4 0 7 9 24.5494
4 0 7 10 24.2162
4 0 7 11 23.933
4 0 7 12 24.189
4 0 7 13 24.0845
4 0 7 14 23.7775
4 0 7 15 23.1964
4 0 7 16 23.7045
4 0 7 17 24.8199
4 0 7 18 24.7709
4 0 7 19 25.0117
4 0 7 20 24.8183
4 0 7 21 22.5559
4 0 7 22 23.9583
4 0 7 23 24.2247
4 0 8 0 23.8706
4 0 8 1 23.1715
4 0 8 2 24.1681
4 0 8 3 23.553
4 0 8 4 24.0018
4 0 8 5 23.6485
4 0 8 6 24.4605
4 0 8 7 24.5515
4 0 8 8 23.4152
4 0 8 9 24.6119
4 0 8 10 23.8957
4 0 8 11 23.3788
4 0 8 12 24.1567
4 0 8 13 24.1216
4 0 8 14 24.5088
4 0 8 15 23.8444
4 0 8 16 23.6501
4 0 8 17 23.9003
4 0 8 18 24.0052
4 0 8 19 25.3032
4 0 8 20 24.5442
4 0 8 21 23.9111
4 0 8 22 23.7997
4 0 8 23 24.9546
4 0 9 0 23.0639
4 0 9 1 24.1713
4 0 9 2 24.0317
4 0 9 3 23.6494
4 0 9 4 23.9193
4 0 9 5 23.9858
4 0 9 6 23.4145
4 0 9 7 24.8318
4 0 9 8 23.3914
4 0 9 9 23.3994
4 0 9 10 23.9592
4 0 9 11 23.226
4 0 9 12 23.6389
4 0 9 13 24.4664
4 0 9 14 22.7836
4 0 9 15 22.9701
4 0 9 16 23.3447
4 0 9 17 23.145
4 0 9 18 24.8209
4 0 9 19 23.4298
4 0 9 20 24.6916
4 0 9 21 23.9062
4 0 9 22 23.657
4 0 9 23 26.9106
4 0 10 0 24.1855
4 0 10 1 23.7284
4 0 10 2 24.2025
4 0 10 3 23.0842
4 0 10 4 24.2242
4 0 10 5 23.7168
4 0 10 6 23.0912
4 0 10 7 22.9188
4 0 10 8 23.1835
4 0 10 9 24.2925
4 0 10 10 23.9461
4 0 10 11 23.1963
4 0 10 12 23.8882
4 0 10 13 23.934
4 0 10 14 24.0828
4 0 10 15 23.613
4 0 10 16 23.5185
4 0 10 17 22.2923
4 0 10 18 23.6007
4 0 10 19 23.7771
4 0 10 20 23.2704
4 0 10 21 23.3476
4 0 10 22 25.5801
4 0 10 23 23.7631
4 1 0 0 22.2522
4 1 0 1 22.0068
4 1 0 2 22.2007
4 1 0 3 22.2661
4 1 0 4 22.1414
4 1 0 5 22.2861
4 1 0 6 22.3911
4 1 0 7 21.8605
4 1 0 8 22.3557
4 1 0 9 22.3323
4 1 0 10 21.8961
4 1 0 11 22.0818
4 1 0 12 22.6279
4 1 0 13 22.2987
4 1 0 14 22.7628
4 1 0 15 0
4 1 0 16 22.3172
4 1 0 17 21.7251
4 1 0 18 22.4714
4 1 0 19 22.3528
4 1 0 20 22.4855
4 1 0 21 22.3525
4 1 0 22 22.0692
4 1 0 23 22.2659
4 1 1 0 23.6559
4 1 1 1 23.3816
4 1 1 2 23.685
4 1 1 3 23.2282
4 1 1 4 23.4152
4 1 1 5 23.319
4 1 1 6 23.3373
4 1 1 7 23.382
4 1 1 8 23.52
4 1 1 9 23.1558
4 1 1 10 23.5438
4 1 1 11 23.891
4 1 1 12 23.0964
4 1 1 13 24.2166
4 1 1 14 23.8512
4 1 1 15 23.4019
4 1 1 16 23.8323
4 1 1 17 23.5874
4 1 1 18 23.4284
4 1 1 19 23.7018
4 1 1 20 23.7295
4 1 1 21 22.6618
4 1 1 22 23.2483
4 1 1 23 24.1034
4 1 2 0 23.3111
4 1 2 1 23.8805
4 1 2 2 23.0523
4 1 2 3 23.5079
4 1 2 4 23.4912
4 1 2 5 23.1946
4 1 2 6 23.3884
4 1 2 7 23.3077
4 1 2 8 23.547
4 1 2 9 24.0283
4 1 2 10 23.9393
4 1 2 11 23.5162
4 1 2 12 23.3547
4 1 2 13 24.2246
4 1 2 14 23.3412
4 1 2 15 23.9679
4 1 2 16 23.3069
4 1 2 17 23.2006
4 1 2 18 23.067
4 1 2 19 23.7658
4 1 2 20 23.7139
4 1 2 21 23.413
4 1 2 22 24.3341
4 1 2 23 26.0674
4 1 3 0 24.5289
4 1 3 1 23.9129
4 1 3 2 22.679
4 1 3 3 23.0871
4 1 3 4 23.7557
4 1 3 5 23.5599
4 1 3 6 23.494
4 1 3 7 23.374
4 1 3 8 22.7527
4 1 3 9 23.4314
4 1 3 10 23.1857
4 1 3 11 23.7072
4 1 3 12 23.7052
4 1 3 13 23.3617
4 1 3 14 22.9639
4 1 3 15 23.4562
4 1 3 16 23.5094
4 1 3 17 23.7225
4 1 3 18 23.2355
4 1 3 19 22.783
4 1 3 20 23.53
4 1 3 21 23.2539
4 1 3 22 23.512
4 1 3 23 23.1267
4 1 4 0 23.6047
4 1 4 1 23.2945
4 1 4 2 23.9135
4 1 4 3 23.5931
4 1 4 4 22.8403
4 1 4 5 23.0666
4 1 4 6 23.2085
4 1 4 7 23.1948
4 1 4 8 23.1855
4 1 4 9 23.9598
4 1 4 10 23.124
4 1 4 11 23.8402
4 1 4 12 23.964
4 1 4 13 24.0644
4 1 4 14 0
4 1 4 15 23.2827
4 1 4 16 23.5562
4 1 4 17 23.4732
4 1 4 18 23.3431
4 1 4 19 22.4192
4 1 4 20 23.3771
4 1 4 21 23.8178
4 1 4 22 23.7033
4 1 4 23 23.4029
4 1 5 0 23.8632
4 1 5 1 22.7193
4 1 5 2 23.3922
4 1 5 3 23.6089
4 1 5 4 24.1864
4 1 5 5 23.524
4 1 5 6 22.5267
4 1 5 7 23.6053
4 1 5 8 23.5968
4 1 5 9 23.7333
4 1 5 10 23.0002
4 1 5 11 23.9583
4 1 5 12 23.4807
4 1 5 13 23.8292
4 1 5 14 23.4447
4 1 5 15 23.1068
4 1 5 16 23.5876
4 1 5 17 23.1374
4 1 5 18 23.7362
4 1 5 19 23.3918
4 1 5 20 23.5979
4 1 5 21 23.2134
4 1 5 22 23.4106
4 1 5 23 23.3534
4 1 6 0 23.0013
4 1 6 1 24.0868
4 1 6 2 23.3348
4 1 6 3 23.1154
4 1 6 4 23.2533
4 1 6 5 24.5546
4 1 6 6 23.1072
4 1 6 7 23.228
4 1 6 8 23.3134
4 1 6 9 23.462
4 1 6 10 23.2693
4 1 6 11 24.0767
4 1 6 12 23.4892
4 1 6 13 24.1383
4 1 6 14 22.9709
4 1 6 15 23.3034
4 1 6 16 23.7434
4 1 6 17 23.0014
4 1 6 18 24.2961
4 1 6 19 22.915
4 1 6 20 23.3143
4 1 6 21 23.0588
4 1 6 22 22.8551
4 1 6 23 24.3284
4 1 7 0 23.1449
4 1 7 1 24.9658
4 1 7 2 22.8004
4 1 7 3 23.9405
4 1 7 4 22.8898
4 1 7 5 23.1938
4 1 7 6 23.9419
4 1 7 7 23.7884
4 1 7 8 23.6764
4 1 7 9 23.5611
4 1 7 10 23.5621
4 1 7 11 23.6848
4 1 7 12 24.1027
4 1 7 13 23.2131
4 1 7 14 24.2782
4 1 7 15 23.7179
4 1 7 16 22.7886
4 1 7 17 22.8282
4 1 7 18 22.993
4 1 7 19 23.5565
4 1 7 20 24.2166
4 1 7 21 0
4 1 7 22 25.3266
4 1 7 23 23.3576
4 1 8 0 24.0101
4 1 8 1 24.4627
4 1 8 2 23.7059
4 1 8 3 24.0064
4 1 8 4 22.7612
4 1 8 5 23.5569
4 1 8 6 24.1641
4 1 8 7 23.9483
4 1 8 8 23.564
4 1 8 9 23.2348
4 1 8 10 23.2037
4 1 8 11 24.1515
4 1 8 12 23.9975
4 1 8 13 23.7743
4 1 8 14 24.4555
4 1 8 15 23.4609
4 1 8 16 23.04
4 1 8 17 23.244
4 1 8 18 23.4531
4 1 8 19 23.9788
4 1 8 20 22.6826
4 1 8 21 23.3217
4 1 8 22 23.7442
4 1 8 23 24.2369
4 1 9 0 22.4606
4 1 9 1 23.1791
4 1 9 2 24.0423
4 1 9 3 22.592
4 1 9 4 23.0656
4 1 9 5 23.586
4 1 9 6 23.4382
4 1 9 7 23.0935
4 1 9 8 23.6356
4 1 9 9 22.1189
4 1 9 10 23.0818
4 1 9 11 24.2397
4 1 9 12 23.5919
4 1 9 13 21.8285
4 1 9 14 23.3191
4 1 9 15 23.6162
4 1 9 16 24.4372
4 1 9 17 23.6783
4 1 9 18 23.0596
4 1 9 19 22.5003
4 1 9 20 24.4839
4 1 9 21 23.2961
4 1 9 22 24.0329
4 1 9 23 23.9739
4 1 10 0 22.4659
4 1 10 1 23.5283
4 1 10 2 22.6553
4 1 10 3 22.2867
4 1 10 4 22.2441
4 1 10 5 22.8277
4 1 10 6 23.2305
4 1 10 7 22.2361
4 1 10 8 22.8891
4 1 10 9 0
4 1 10 10 21.7388
4 1 10 11 21.6283
4 1 10 12 21.8888
4 1 10 13 21.9795
4 1 10 14 22.7504
4 1 10 15 22.3344
4 1 10 16 22.7698
4 1 10 17 22.7113
4 1 10 18 21.5931
4 1 10 19 23.0864
4 1 10 20 22.6498
4 1 10 21 23.6406
4 1 10 22 23.6221
4 1 10 23 23.5271
