3 0 0 0 23.9897
3 0 0 1 22.3031
3 0 0 2 23.2208
3 0 0 3 22.0221
3 0 0 4 22.6389
3 0 0 5 23.1055
3 0 0 6 22.9182
3 0 0 7 22.5276
3 0 0 8 22.5278
3 0 0 9 22.6564
3 0 0 10 22.6602
3 0 0 11 22.5841
3 0 0 12 22.4396
3 0 0 13 22.4234
3 0 0 14 23.0846
3 0 0 15 22.2755
3 0 0 16 22.2658
3 0 0 17 22.3243
3 0 0 18 23.063
3 0 0 19 21.9901
3 0 0 20 22.4985
3 0 0 21 22.278
3 0 0 22 21.9246
3 0 0 23 22.6624
3 0 1 0 25.8685
3 0 1 1 23.5004
3 0 1 2 24.1073
3 0 1 3 23.7844
3 0 1 4 23.6604
3 0 1 5 23.4264
3 0 1 6 22.5333
3 0 1 7 23.541
3 0 1 8 23.6666
3 0 1 9 22.6911
3 0 1 10 22.6908
3 0 1 11 22.9668
3 0 1 12 23.6003
3 0 1 13 23.3627
3 0 1 14 23.8618
3 0 1 15 23.4846
3 0 1 16 23.5823
3 0 1 17 22.8441
3 0 1 18 22.6473
3 0 1 19 22.8401
3 0 1 20 22.9721
3 0 1 21 22.7524
3 0 1 22 23.8886
3 0 1 23 23.1485
3 0 2 0 23.3094
3 0 2 1 23.6025
3 0 2 2 23.8854
3 0 2 3 23.3617
3 0 2 4 23.733
3 0 2 5 23.6471
3 0 2 6 23.1163
3 0 2 7 23.2023
3 0 2 8 22.7889
3 0 2 9 22.684
3 0 2 10 23.5598
3 0 2 11 22.984
3 0 2 12 23.316
3 0 2 13 22.7027
3 0 2 14 23.4458
3 0 2 15 22.7374
3 0 2 16 23.6626
3 0 2 17 23.5078
3 0 2 18 23.1567
3 0 2 19 23.1914
3 0 2 20 23.5113
3 0 2 21 22.8937
3 0 2 22 23.3623
3 0 2 23 23.3892
3 0 3 0 23.5256
3 0 3 1 23.3187
3 0 3 2 23.7039
3 0 3 3 23.8562
3 0 3 4 23.1978
3 0 3 5 22.9115
3 0 3 6 23.3391
3 0 3 7 23.2205
3 0 3 8 23.6112
3 0 3 9 23.5469
3 0 3 10 23.2695
3 0 3 11 23.0235
3 0 3 12 25.2735
3 0 3 13 23.1695
3 0 3 14 22.7926
3 0 3 15 23.3823
3 0 3 16 23.1983
3 0 3 17 23.0409
3 0 3 18 24.3101
3 0 3 19 23.9526
3 0 3 20 23.303
3 0 3 21 23.1235
3 0 3 22 23.9457
3 0 3 23 23.1483
3 0 4 0 24.2009
3 0 4 1 25.0352
3 0 4 2 23.5919
3 0 4 3 24.1683
3 0 4 4 23.9033
3 0 4 5 23.7661
3 0 4 6 23.9475
3 0 4 7 23.891
3 0 4 8 24.3579
3 0 4 9 23.6675
3 0 4 10 24.4405
3 0 4 11 23.8722
3 0 4 12 23.5722
3 0 4 13 24.3463
3 0 4 14 23.1192
3 0 4 15 23.9493
3 0 4 16 23.806
3 0 4 17 24.8328
3 0 4 18 23.7067
3 0 4 19 23.7775
3 0 4 20 23.6645
3 0 4 21 22.9895
3 0 4 22 23.5002
3 0 4 23 25.3688
3 0 5 0 23.6339
3 0 5 1 23.1012
3 0 5 2 25.1358
3 0 5 3 24.0453
3 0 5 4 23.8229
3 0 5 5 23.5557
3 0 5 6 25.0802
3 0 5 7 24.1228
3 0 5 8 23.4831
3 0 5 9 23.683
3 0 5 10 23.5448
3 0 5 11 24.4417
3 0 5 12 24.2386
3 0 5 13 24.0654
3 0 5 14 23.7856
3 0 5 15 24.5522
3 0 5 16 24.0949
3 0 5 17 23.9803
3 0 5 18 24.283
3 0 5 19 24.7325
3 0 5 20 23.7941
3 0 5 21 24.4827
3 0 5 22 23.7102
3 0 5 23 24.9644
3 0 6 0 24.1149
3 0 6 1 24.0998
3 0 6 2 24.0528
3 0 6 3 24.4723
3 0 6 4 24.3852
3 0 6 5 23.7302
3 0 6 6 24.494
3 0 6 7 23.5605
3 0 6 8 23.5432
3 0 6 9 23.3614
3 0 6 10 23.0678
3 0 6 11 24.2774
3 0 6 12 22.6955
3 0 6 13 25.0359
3 0 6 14 24.2453
3 0 6 15 23.6542
3 0 6 16 23.432
3 0 6 17 24.6764
3 0 6 18 23.1752
3 0 6 19 25.0895
3 0 6 20 24.1712
3 0 6 21 23.9583
3 0 6 22 24.8998
3 0 6 23 23.7618
3 0 7 0 24.8188
3 0 7 1 25.5884
3 0 7 2 24.5219
3 0 7 3 23.117
3 0 7 4 24.4795
3 0 7 5 24.3067
3 0 7 6 23.2898
3 0 7 7 24.7751
3 0 7 8 24.1807
3 0 7 9 22.9651
3 0 7 10 23.8721
3 0 7 11 23.9997
3 0 7 12 23.6622
3 0 7 13 24.6905
3 0 7 14 24.0019
3 0 7 15 24.1105
3 0 7 16 24.1209
3 0 7 17 24.6464
3 0 7 18 23.4713
3 0 7 19 23.8254
3 0 7 20 22.6338
3 0 7 21 24.6149
3 0 7 22 24.1323
3 0 7 23 23.6247
3 0 8 0 22.6591
3 0 8 1 24.8748
3 0 8 2 23.6059
3 0 8 3 23.7327
3 0 8 4 22.8651
3 0 8 5 24.0135
3 0 8 6 23.2131
3 0 8 7 23.5169
3 0 8 8 25.1039
3 0 8 9 24.7338
3 0 8 10 24.0734
3 0 8 11 22.612
3 0 8 12 24.1171
3 0 8 13 23.2263
3 0 8 14 24.1781
3 0 8 15 24.6115
3 0 8 16 23.5015
3 0 8 17 24.0934
3 0 8 18 24.1161
3 0 8 19 24.2263
3 0 8 20 23.1121
3 0 8 21 24.1842
3 0 8 22 23.0123
3 0 8 23 24.2845
3 0 9 0 24.5607
3 0 9 1 24.8473
3 0 9 2 23.2609
3 0 9 3 23.5541
3 0 9 4 23.9965
3 0 9 5 23.8495
3 0 9 6 24.0862
3 0 9 7 24.0669
3 0 9 8 24.0387
3 0 9 9 24.927
3 0 9 10 24.3589
3 0 9 11 24.1101
3 0 9 12 24.8992
3 0 9 13 24.8836
3 0 9 14 24.6337
3 0 9 15 23.936
3 0 9 16 24.4746
3 0 9 17 23.5023
3 0 9 18 24.4935
3 0 9 19 24.55
3 0 9 20 23.7619
3 0 9 21 23.6589
3 0 9 22 23.0625
3 0 9 23 24.6917
3 0 10 0 24.3136
3 0 10 1 23.2361
3 0 10 2 22.8181
3 0 10 3 22.5996
3 0 10 4 22.493
3 0 10 5 22.7936
3 0 10 6 23.9475
3 0 10 7 23.3336
3 0 10 8 24.0673
3 0 10 9 24.4212
3 0 10 10 23.5083
3 0 10 11 24.1385
3 0 10 12 23.5526
3 0 10 13 24.6873
3 0 10 14 0
3 0 10 15 23.8154
3 0 10 16 23.3339
3 0 10 17 25.0451
3 0 10 18 23.6642
3 0 10 19 25.2317
3 0 10 20 23.8718
3 0 10 21 23.2206
3 0 10 22 22.3872
3 0 10 23 25.3447
3 1 0 0 22.2937
3 1 0 1 22.5445
3 1 0 2 22.8185
3 1 0 3 21.9927
3 1 0 4 22.1098
3 1 0 5 22.5159
3 1 0 6 22.3449
3 1 0 7 22.7067
3 1 0 8 22.6328
3 1 0 9 22.9663
3 1 0 10 22.1859
3 1 0 11 22.1219
3 1 0 12 22.375
3 1 0 13 22.2658
3 1 0 14 23.5696
3 1 0 15 22.4258
3 1 0 16 21.9182
3 1 0 17 22.2702
3 1 0 18 22.0371
3 1 0 19 21.99
3 1 0 20 23.6266
3 1 0 21 21.8809
3 1 0 22 22.6555
3 1 0 23 22.5833
3 1 1 0 24.19
3 1 1 1 23.5972
3 1 1 2 23.8898
3 1 1 3 23.2607
3 1 1 4 23.2862
3 1 1 5 23.152
3 1 1 6 23.9294
3 1 1 7 23.2384
3 1 1 8 24.1364
3 1 1 9 22.7348
3 1 1 10 24.2101
3 1 1 11 23.4774
3 1 1 12 23.4697
3 1 1 13 23.9249
3 1 1 14 23.2827
3 1 1 15 24.6377
3 1 1 16 22.8936
3 1 1 17 24.1721
3 1 1 18 23.7995
3 1 1 19 23.0877
3 1 1 20 23.8913
3 1 1 21 23.8699
3 1 1 22 23.5543
3 1 1 23 23.8563
3 1 2 0 24.2088
3 1 2 1 23.5695
3 1 2 2 23.8231
3 1 2 3 22.9399
3 1 2 4 23.1858
3 1 2 5 23.3448
3 1 2 6 23.1071
3 1 2 7 23.3739
3 1 2 8 23.3638
3 1 2 9 23.4759
3 1 2 10 23.1419
3 1 2 11 23.1929
3 1 2 12 23.6824
3 1 2 13 23.019
3 1 2 14 22.4097
3 1 2 15 24.1728
3 1 2 16 22.7926
3 1 2 17 23.4785
3 1 2 18 23.557
3 1 2 19 24.0171
3 1 2 20 22.3952
3 1 2 21 23.4842
3 1 2 22 23.4251
3 1 2 23 23.2582
3 1 3 0 23.7355
3 1 3 1 23.4984
3 1 3 2 24.724
3 1 3 3 22.6273
3 1 3 4 23.3144
3 1 3 5 22.7085
3 1 3 6 22.9379
3 1 3 7 23.122
3 1 3 8 23.2477
3 1 3 9 23.7872
3 1 3 10 23.3758
3 1 3 11 23.2517
3 1 3 12 22.4894
3 1 3 13 23.0615
3 1 3 14 22.899
3 1 3 15 22.4265
3 1 3 16 23.9305
3 1 3 17 23.3719
3 1 3 18 23.4508
3 1 3 19 23.5369
3 1 3 20 23.4952
3 1 3 21 23.7591
3 1 3 22 23.9851
3 1 3 23 24.4699
3 1 4 0 23.8299
3 1 4 1 22.7789
3 1 4 2 24.9424
3 1 4 3 23.351
3 1 4 4 23.0866
3 1 4 5 23.9218
3 1 4 6 23.6254
3 1 4 7 22.9967
3 1 4 8 22.603
3 1 4 9 23.7232
3 1 4 10 23.5626
3 1 4 11 23.3409
3 1 4 12 23.7316
3 1 4 13 23.9984
3 1 4 14 23.1277
3 1 4 15 23.7557
3 1 4 16 22.4457
3 1 4 17 24.3998
3 1 4 18 23.499
3 1 4 19 23.3014
3 1 4 20 24.1118
3 1 4 21 23.0007
3 1 4 22 23.6095
3 1 4 23 26.176
3 1 5 0 23.8638
3 1 5 1 23.8487
3 1 5 2 23.4886
3 1 5 3 22.8498
3 1 5 4 23.7812
3 1 5 5 23.8071
3 1 5 6 23.8728
3 1 5 7 23.7746
3 1 5 8 24.061
3 1 5 9 23.6166
3 1 5 10 23.7805
3 1 5 11 23.3504
3 1 5 12 24.3567
3 1 5 13 22.7349
3 1 5 14 23.8591
3 1 5 15 23.392
3 1 5 16 23.7977
3 1 5 17 24.757
3 1 5 18 23.2367
3 1 5 19 24.0426
3 1 5 20 23.8488
3 1 5 21 23.6924
3 1 5 22 23.3574
3 1 5 23 23.7812
3 1 6 0 24.8813
3 1 6 1 23.6235
3 1 6 2 23.0358
3 1 6 3 24.7706
3 1 6 4 22.7851
3 1 6 5 23.1612
3 1 6 6 23.3858
3 1 6 7 23.5599
3 1 6 8 23.9871
3 1 6 9 23.6683
3 1 6 10 23.7181
3 1 6 11 23.6177
3 1 6 12 24.7942
3 1 6 13 24.2803
3 1 6 14 23.326
3 1 6 15 23.4393
3 1 6 16 23.325
3 1 6 17 22.6024
3 1 6 18 23.9159
3 1 6 19 23.2299
3 1 6 20 24.1102
3 1 6 21 23.5154
3 1 6 22 23.5345
3 1 6 23 24.6044
3 1 7 0 26.0987
3 1 7 1 23.0333
3 1 7 2 23.2943
3 1 7 3 25.1763
3 1 7 4 24.0386
3 1 7 5 23.2313
3 1 7 6 24.2388
3 1 7 7 23.7734
3 1 7 8 23.6816
3 1 7 9 23.2352
3 1 7 10 23.5975
3 1 7 11 24.5282
3 1 7 12 23.5967
3 1 7 13 22.9115
3 1 7 14 24.5909
3 1 7 15 24.9506
3 1 7 16 22.4406
3 1 7 17 23.5061
3 1 7 18 24.2317
3 1 7 19 24.0594
3 1 7 20 24.1423
3 1 7 21 23.5474
3 1 7 22 23.5012
3 1 7 23 23.4828
3 1 8 0 25.053
3 1 8 1 23.696
3 1 8 2 23.3135
3 1 8 3 23.8411
3 1 8 4 24.687
3 1 8 5 23.1903
3 1 8 6 22.9795
3 1 8 7 24.1013
3 1 8 8 23.5266
3 1 8 9 23.3572
3 1 8 10 23.3278
3 1 8 11 24.1363
3 1 8 12 23.1097
3 1 8 13 23.7084
3 1 8 14 23.5974
3 1 8 15 23.2455
3 1 8 16 23.3703
3 1 8 17 23.241
3 1 8 18 23.6897
3 1 8 19 23.7316
3 1 8 20 23.3867
3 1 8 21 23.1249
3 1 8 22 23.1981
3 1 8 23 23.4678
3 1 9 0 22.9961
3 1 9 1 23.372
3 1 9 2 23.8873
3 1 9 3 25.9428
3 1 9 4 23.4983
3 1 9 5 23.6973
3 1 9 6 23.4909
3 1 9 7 23.6842
3 1 9 8 24.3456
3 1 9 9 23.4335
3 1 9 10 23.1761
3 1 9 11 23.0524
3 1 9 12 23.9454
3 1 9 13 23.4886
3 1 9 14 24.2617
3 1 9 15 23.8725
3 1 9 16 22.9968
3 1 9 17 24.0189
3 1 9 18 23.6501
3 1 9 19 23.1714
3 1 9 20 23.6126
3 1 9 21 24.1357
3 1 9 22 23.6328
3 1 9 23 23.7659
3 1 10 0 24.1901
3 1 10 1 23.4203
3 1 10 2 24.7623
3 1 10 3 23.8771
3 1 10 4 23.7331
3 1 10 5 22.5283
3 1 10 6 23.4454
3 1 10 7 23.5069
3 1 10 8 22.8143
3 1 10 9 23.2327
3 1 10 10 22.5887
3 1 10 11 22.4628
3 1 10 12 21.9944
3 1 10 13 22.2569
3 1 10 14 22.6997
3 1 10 15 22.2186
3 1 10 16 24.5567
3 1 10 17 22.9352
3 1 10 18 22.3114
3 1 10 19 23.1408
3 1 10 20 22.4147
3 1 10 21 21.5749
3 1 10 22 22.8559
3 1 10 23 23.3946
