4 0 0 0 25.9669
4 0 0 1 26.2406
4 0 0 2 25.7181
4 0 0 3 26.8019
4 0 0 4 26.0622
4 0 0 5 25.983
4 0 0 6 26.7918
4 0 0 7 20.5755
4 0 0 8 24.92
4 0 0 9 24.8192
4 0 0 10 24.5641
4 0 0 11 24.8314
4 0 0 12 25.7276
4 0 0 13 24.9473
4 0 0 14 24.1153
4 0 0 15 24.9128
4 0 0 16 24.7953
4 0 0 17 25.6229
4 0 0 18 23.9857
4 0 0 19 24.9731
4 0 0 20 23.174
4 0 0 21 23.158
4 0 0 22 22.5495
4 0 0 23 25.9418
4 0 1 0 26.5179
4 0 1 1 25.3052
4 0 1 2 26.1718
4 0 1 3 25.6241
4 0 1 4 26.7732
4 0 1 5 23.1963
4 0 1 6 26.1365
4 0 1 7 27.1133
4 0 1 8 26.5564
4 0 1 9 24.5167
4 0 1 10 24.2036
4 0 1 11 24.8599
4 0 1 12 28.3974
4 0 1 13 25.6817
4 0 1 14 27.1242
4 0 1 15 22.7678
4 0 1 16 27.1251
4 0 1 17 27.2768
4 0 1 18 24.4598
4 0 1 19 26.5622
4 0 1 20 27.8335
4 0 1 21 26.4011
4 0 1 22 26.3348
4 0 1 23 26.1182
4 0 2 0 24.131
4 0 2 1 23.4651
4 0 2 2 25.2323
4 0 2 3 25.6185
4 0 2 4 27.1827
4 0 2 5 26.5609
4 0 2 6 28.2405
4 0 2 7 26.0486
4 0 2 8 27.0971
4 0 2 9 26.0182
4 0 2 10 26.2863
4 0 2 11 25.6979
4 0 2 12 25.4031
4 0 2 13 25.8603
4 0 2 14 26.0953
4 0 2 15 25.415
4 0 2 16 24.7598
4 0 2 17 25.2712
4 0 2 18 25.6558
4 0 2 19 24.6347
4 0 2 20 25.425
4 0 2 21 25.7806
4 0 2 22 25.8004
4 0 2 23 25.7005
4 0 3 0 24.7823
4 0 3 1 26.4311
4 0 3 2 27.8341
4 0 3 3 27.3839
4 0 3 4 23.9165
4 0 3 5 27.0827
4 0 3 6 24.6807
4 0 3 7 24.5816
4 0 3 8 26.6208
4 0 3 9 26.3163
4 0 3 10 27.1544
4 0 3 11 26.435
4 0 3 12 27.3512
4 0 3 13 27.3799
4 0 3 14 26.9688
4 0 3 15 28.1516
4 0 3 16 26.931
4 0 3 17 25.4195
4 0 3 18 26.6215
4 0 3 19 27.1949
4 0 3 20 27.5175
4 0 3 21 26.4446
4 0 3 22 26.2587
4 0 3 23 26.8653
4 0 4 0 25.5957
4 0 4 1 25.4663
4 0 4 2 25.04
4 0 4 3 25.6094
4 0 4 4 25.3356
4 0 4 5 26.0744
4 0 4 6 25.4929
4 0 4 7 26.4761
4 0 4 8 26.0653
4 0 4 9 25.9664
4 0 4 10 25.1883
4 0 4 11 25.4774
4 0 4 12 24.8869
4 0 4 13 25.9435
4 0 4 14 26.8087
4 0 4 15 26.8944
4 0 4 16 25.136
4 0 4 17 26.072
4 0 4 18 25.1455
4 0 4 19 24.0076
4 0 4 20 25.1633
4 0 4 21 26.109
4 0 4 22 26.2325
4 0 4 23 24.921
4 0 5 0 24.8317
4 0 5 1 25.9207
4 0 5 2 25.1943
4 0 5 3 25.3277
4 0 5 4 24.6944
4 0 5 5 24.9268
4 0 5 6 23.5315
4 0 5 7 26.0283
4 0 5 8 26.2992
4 0 5 9 27.1323
4 0 5 10 26.6797
4 0 5 11 26.8201
4 0 5 12 26.7023
4 0 5 13 26.7263
4 0 5 14 23.7822
4 0 5 15 26.1312
4 0 5 16 25.9817
4 0 5 17 27.024
4 0 5 18 26.9035
4 0 5 19 26.8106
4 0 5 20 26.3428
4 0 5 21 26.1861
4 0 5 22 27.4709
4 0 5 23 27.8711
4 0 6 0 26.1677
4 0 6 1 26.6794
4 0 6 2 26.0747
4 0 6 3 25.0846
4 0 6 4 25.719
4 0 6 5 23.8654
4 0 6 6 26.5583
4 0 6 7 28.4283
4 0 6 8 27.6637
4 0 6 9 27.4464
4 0 6 10 25.6122
4 0 6 11 26.9207
4 0 6 12 25.5807
4 0 6 13 27.0468
4 0 6 14 26.9231
4 0 6 15 27.1627
4 0 6 16 26.7675
4 0 6 17 27.3367
4 0 6 18 27.3551
4 0 6 19 27.9329
4 0 6 20 28.15
4 0 6 21 27.0807
4 0 6 22 26.6343
4 0 6 23 24.3078
4 0 7 0 23.931
4 0 7 1 22.7329
4 0 7 2 22.7814
4 0 7 3 26.8812
4 0 7 4 25.9841
4 0 7 5 24.4693
4 0 7 6 25.6818
4 0 7 7 21.1099
4 0 7 8 23.8581
4 0 7 9 24.0855
4 0 7 10 25.2721
4 0 7 11 23.9055
4 0 7 12 25.1373
4 0 7 13 23.981
4 0 7 14 25.6138
4 0 7 15 25.0483
4 0 7 16 24.1597
4 0 7 17 25.9962
4 0 7 18 26.6271
4 0 7 19 25.7502
4 0 7 20 24.9205
4 0 7 21 25.3478
4 0 7 22 25.6191
4 0 7 23 26.2108
4 0 8 0 23.153
4 0 8 1 25.9673
4 0 8 2 21.0503
4 0 8 3 25.3064
4 0 8 4 26.5163
4 0 8 5 26.3728
4 0 8 6 26.4609
4 0 8 7 24.1925
4 0 8 8 26.6154
4 0 8 9 27.0158
4 0 8 10 27.2463
4 0 8 11 28.089
4 0 8 12 26.9086
4 0 8 13 26.3464
4 0 8 14 27.1441
4 0 8 15 27.1653
4 0 8 16 26.5863
4 0 8 17 26.2041
4 0 8 18 27.7281
4 0 8 19 28.0439
4 0 8 20 25.7893
4 0 8 21 25.5945
4 0 8 22 25.4524
4 0 8 23 26.1669
4 0 9 0 23.9024
4 0 9 1 26.1918
4 0 9 2 28.1666
4 0 9 3 26.8246
4 0 9 4 26.8535
4 0 9 5 28.4687
4 0 9 6 27.7078
4 0 9 7 27.4965
4 0 9 8 27.2848
4 0 9 9 27.3014
4 0 9 10 27.0756
4 0 9 11 26.8526
4 0 9 12 27.3388
4 0 9 13 26.3291
4 0 9 14 26.6613
4 0 9 15 25.9905
4 0 9 16 27.3984
4 0 9 17 26.5333
4 0 9 18 27.3354
4 0 9 19 27.4372
4 0 9 20 28.7249
4 0 9 21 26.2844
4 0 9 22 26.6903
4 0 9 23 25.4556
4 0 10 0 21.8839
4 0 10 1 25.0265
4 0 10 2 24.5957
4 0 10 3 22.7641
4 0 10 4 21.7788
4 0 10 5 25.5396
4 0 10 6 23.9352
4 0 10 7 25.5781
4 0 10 8 24.6922
4 0 10 9 22.801
4 0 10 10 24.4999
4 0 10 11 24.4292
4 0 10 12 22.0532
4 0 10 13 24.3952
4 0 10 14 23.8041
4 0 10 15 26.0809
4 0 10 16 24.9894
4 0 10 17 24.5394
4 0 10 18 25.9428
4 0 10 19 24.4563
4 0 10 20 23.4108
4 0 10 21 23.5007
4 0 10 22 23.2528
4 0 10 23 24.2474
4 1 0 0 25.2127
4 1 0 1 25.1435
4 1 0 2 23.9805
4 1 0 3 24.4742
4 1 0 4 25.6443
4 1 0 5 25.807
4 1 0 6 25.2725
4 1 0 7 25.2961
4 1 0 8 24.8511
4 1 0 9 23.1012
4 1 0 10 23.3248
4 1 0 11 24.5147
4 1 0 12 22.165
4 1 0 13 23.7485
4 1 0 14 24.2978
4 1 0 15 0
4 1 0 16 23.2247
4 1 0 17 24.0784
4 1 0 18 24.1993
4 1 0 19 24.3117
4 1 0 20 24.9372
4 1 0 21 23.1735
4 1 0 22 23.0595
4 1 0 23 23.6271
4 1 1 0 24.1083
4 1 1 1 26.4739
4 1 1 2 23.8155
4 1 1 3 26.9261
4 1 1 4 27.3026
4 1 1 5 26.0032
4 1 1 6 24.1215
4 1 1 7 26.8368
4 1 1 8 24.3084
4 1 1 9 26.463
4 1 1 10 26.5163
4 1 1 11 25.8608
4 1 1 12 24.6181
4 1 1 13 26.7663
4 1 1 14 24.95
4 1 1 15 26.2073
4 1 1 16 24.5329
4 1 1 17 26.4371
4 1 1 18 26.1424
4 1 1 19 27.3937
4 1 1 20 26.803
4 1 1 21 26.2953
4 1 1 22 23.749
4 1 1 23 26.5802
4 1 2 0 25.7651
4 1 2 1 27.7196
4 1 2 2 27.8775
4 1 2 3 28.3781
4 1 2 4 27.6309
4 1 2 5 27.5954
4 1 2 6 29.0169
4 1 2 7 26.8074
4 1 2 8 25.605
4 1 2 9 26.5887
4 1 2 10 26.7571
4 1 2 11 26.6456
4 1 2 12 24.9514
4 1 2 13 26.6602
4 1 2 14 25.9607
4 1 2 15 26.8751
4 1 2 16 27.3661
4 1 2 17 27.2644
4 1 2 18 26.4825
4 1 2 19 27.5875
4 1 2 20 23.4065
4 1 2 21 24.839
4 1 2 22 24.8137
4 1 2 23 23.9431
4 1 3 0 28.366
4 1 3 1 26.311
4 1 3 2 23.1072
4 1 3 3 26.3405
4 1 3 4 28.3428
4 1 3 5 28.4846
4 1 3 6 27.2278
4 1 3 7 26.6397
4 1 3 8 26.9427
4 1 3 9 25.562
4 1 3 10 27.2259
4 1 3 11 25.8422
4 1 3 12 25.1785
4 1 3 13 24.3669
4 1 3 14 26.6321
4 1 3 15 25.3887
4 1 3 16 23.1958
4 1 3 17 25.4413
4 1 3 18 25.7303
4 1 3 19 28.2807
4 1 3 20 27.0682
4 1 3 21 26.8009
4 1 3 22 25.9399
4 1 3 23 24.6664
4 1 4 0 27.0981
4 1 4 1 25.991
4 1 4 2 25.7734
4 1 4 3 25.954
4 1 4 4 28.2044
4 1 4 5 25.9651
4 1 4 6 26.8915
4 1 4 7 27.7168
4 1 4 8 27.1141
4 1 4 9 24.9753
4 1 4 10 26.5335
4 1 4 11 25.85
4 1 4 12 26.4443
4 1 4 13 25.531
4 1 4 14 0
4 1 4 15 26.6419
4 1 4 16 27.4054
4 1 4 17 27.4733
4 1 4 18 26.2387
4 1 4 19 25.9392
4 1 4 20 28.2041
4 1 4 21 28.0799
4 1 4 22 27.6034
4 1 4 23 26.9318
4 1 5 0 25.3212
4 1 5 1 24.7067
4 1 5 2 26.6351
4 1 5 3 26.7695
4 1 5 4 27.5812
4 1 5 5 25.6232
4 1 5 6 24.4738
4 1 5 7 26.1021
4 1 5 8 25.4587
4 1 5 9 25.542
4 1 5 10 26.8247
4 1 5 11 24.1776
4 1 5 12 24.519
4 1 5 13 27.6357
4 1 5 14 25.9373
4 1 5 15 24.5296
4 1 5 16 25.1501
4 1 5 17 27.655
4 1 5 18 27.8902
4 1 5 19 24.3111
4 1 5 20 26.1671
4 1 5 21 25.8024
4 1 5 22 25.5554
4 1 5 23 25.6884
4 1 6 0 26.8512
4 1 6 1 25.2849
4 1 6 2 25.9705
4 1 6 3 25.805
4 1 6 4 27.9678
4 1 6 5 26.1745
4 1 6 6 28.0935
4 1 6 7 26.5779
4 1 6 8 25.1516
4 1 6 9 25.6257
4 1 6 10 26.1851
4 1 6 11 25.1886
4 1 6 12 25.6376
4 1 6 13 25.6456
4 1 6 14 25.4364
4 1 6 15 25.5136
4 1 6 16 28.0898
4 1 6 17 26.8823
4 1 6 18 27.8101
4 1 6 19 27.6073
4 1 6 20 25.036
4 1 6 21 25.5993
4 1 6 22 27.0115
4 1 6 23 24.8572
4 1 7 0 24.3085
4 1 7 1 25.9389
4 1 7 2 25.853
4 1 7 3 28.2008
4 1 7 4 27.4441
4 1 7 5 25.6939
4 1 7 6 25.1895
4 1 7 7 26.6856
4 1 7 8 25.8859
4 1 7 9 25.6009
4 1 7 10 24.4897
4 1 7 11 23.2967
4 1 7 12 24.8925
4 1 7 13 26.0257
4 1 7 14 25.505
4 1 7 15 25.3613
4 1 7 16 24.914
4 1 7 17 27.2765
4 1 7 18 26.3828
4 1 7 19 25.8899
4 1 7 20 27.4272
4 1 7 21 0
4 1 7 22 24.5656
4 1 7 23 25.3488
4 1 8 0 25.3725
4 1 8 1 24.2056
4 1 8 2 25.479
4 1 8 3 25.051
4 1 8 4 24.2579
4 1 8 5 26.2081
4 1 8 6 24.2268
4 1 8 7 22.7578
4 1 8 8 23.4167
4 1 8 9 25.7512
4 1 8 10 24.7842
4 1 8 11 24.9586
4 1 8 12 24.7155
4 1 8 13 26.5843
4 1 8 14 25.1759
4 1 8 15 27.5448
4 1 8 16 23.892
4 1 8 17 25.9501
4 1 8 18 25.1777
4 1 8 19 26.542
4 1 8 20 25.379
4 1 8 21 25.4859
4 1 8 22 20.865
4 1 8 23 25.995
4 1 9 0 28.8883
4 1 9 1 22.9888
4 1 9 2 23.3737
4 1 9 3 25.0923
4 1 9 4 25.671
4 1 9 5 25.5298
4 1 9 6 28.289
4 1 9 7 24.169
4 1 9 8 25.2288
4 1 9 9 26.2614
4 1 9 10 27.6526
4 1 9 11 27.6689
4 1 9 12 24.5585
4 1 9 13 27.5582
4 1 9 14 26.3024
4 1 9 15 27.4543
4 1 9 16 28.0047
4 1 9 17 24.7191
4 1 9 18 25.7281
4 1 9 19 25.5219
4 1 9 20 26.6515
4 1 9 21 24.8589
4 1 9 22 25.1358
4 1 9 23 27.1655
4 1 10 0 26.6687
4 1 10 1 24.5074
4 1 10 2 23.6281
4 1 10 3 25.0585
4 1 10 4 27.0153
4 1 10 5 26.084
4 1 10 6 25.7961
4 1 10 7 25.5674
4 1 10 8 23.9571
4 1 10 9 0
4 1 10 10 25.0106
4 1 10 11 23.8711
4 1 10 12 23.4707
4 1 10 13 24.7576
4 1 10 14 25.3251
4 1 10 15 24.2199
4 1 10 16 23.758
4 1 10 17 25.8783
4 1 10 18 24.1186
4 1 10 19 26.5335
4 1 10 20 25.7427
4 1 10 21 25.3001
4 1 10 22 22.2909
4 1 10 23 26.2791
