15 0 0 0 14.6266
15 0 0 1 14.3412
15 0 0 2 13.9146
15 0 0 3 13.0145
15 0 0 4 14.0299
15 0 0 5 14.1884
15 0 0 6 13.8804
15 0 0 7 14.3705
15 0 0 8 14.7958
15 0 0 9 13.8854
15 0 0 10 13.808
15 0 0 11 14.3443
15 0 0 12 14.3738
15 0 0 13 14.3494
15 0 0 14 14.8538
15 0 0 15 14.5835
15 0 0 16 14.1483
15 0 0 17 14.1385
15 0 0 18 13.9239
15 0 0 19 14.7292
15 0 0 20 0
15 0 0 21 0
15 0 0 22 13.509
15 0 0 23 15.8401
15 0 0 24 14.0806
15 0 0 25 13.9637
15 0 0 26 0
15 0 0 27 0
15 0 0 28 0
15 0 0 29 13.6589
15 0 0 30 0
15 0 0 31 14.461
15 0 0 32 14.3141
15 0 0 33 14.9885
15 0 0 34 14.5331
15 0 0 35 13.8092
15 0 0 36 14.0746
15 0 0 37 14.174
15 0 0 38 14.162
15 0 0 39 0
15 0 0 40 14.2565
15 0 0 41 12.8869
15 0 0 42 13.715
15 0 0 43 13.1768
15 0 0 44 15.2726
15 0 0 45 13.5527
15 0 0 46 15.1837
15 0 0 47 13.5031
15 0 0 48 12.4106
15 0 0 49 14.8469
15 0 0 50 13.7635
15 0 0 51 13.6486
15 0 0 52 13.3243
15 0 0 53 13.43
15 0 0 54 0
15 0 0 55 15.7939
15 0 0 56 14.3951
15 0 0 57 13.682
15 0 0 58 13.8294
15 0 0 59 12.6413
15 0 0 60 15.3759
15 0 0 61 12.1245
15 0 0 62 14.5188
15 0 0 63 13.5946
15 0 0 64 15.7911
15 0 0 65 14.537
15 0 0 66 13.7615
15 0 0 67 13.4774
15 0 0 68 14.9489
15 0 0 69 14.2491
15 0 0 70 14.4337
15 0 0 71 13.0568
15 0 0 72 13.2271
15 0 0 73 14.1638
15 0 0 74 14.3875
15 0 0 75 14.3203
15 0 0 76 12.4592
15 0 0 77 13.9551
15 0 0 78 0
15 0 0 79 13.7381
15 0 1 0 14.1394
15 0 1 1 14.1083
15 0 1 2 13.7742
15 0 1 3 14.5376
15 0 1 4 14.9843
15 0 1 5 14.6765
15 0 1 6 14.0028
15 0 1 7 14.8709
15 0 1 8 14.3427
15 0 1 9 14.9922
15 0 1 10 14.4744
15 0 1 11 13.8001
15 0 1 12 14.178
15 0 1 13 13.9559
15 0 1 14 14.9499
15 0 1 15 14.7191
15 0 1 16 13.8436
15 0 1 17 13.9782
15 0 1 18 14.0283
15 0 1 19 14.2967
15 0 1 20 13.7759
15 0 1 21 14.3903
15 0 1 22 15.3914
15 0 1 23 13.7311
15 0 1 24 14.7264
15 0 1 25 14.2303
15 0 1 26 14.2729
15 0 1 27 14.1187
15 0 1 28 14.6239
15 0 1 29 14.8004
15 0 1 30 14.4071
15 0 1 31 14.4224
15 0 1 32 14.8627
15 0 1 33 14.8704
15 0 1 34 14.7689
15 0 1 35 14.4179
15 0 1 36 14.2324
15 0 1 37 14.5666
15 0 1 38 13.8727
15 0 1 39 14.1543
15 0 1 40 14.1199
15 0 1 41 15.4657
15 0 1 42 13.2083
15 0 1 43 13.8093
15 0 1 44 14.4152
15 0 1 45 13.6985
15 0 1 46 14.6486
15 0 1 47 14.2373
15 0 1 48 14.2012
15 0 1 49 13.7105
15 0 1 50 14.961
15 0 1 51 15.6292
15 0 1 52 14.9928
15 0 1 53 14.2247
15 0 1 54 15.6076
15 0 1 55 12.9795
15 0 1 56 13.5196
15 0 1 57 12.499
15 0 1 58 14.0368
15 0 1 59 14.3861
15 0 1 60 13.3893
15 0 1 61 15.7455
15 0 1 62 14.3157
15 0 1 63 15.5705
15 0 1 64 13.5479
15 0 1 65 12.7661
15 0 1 66 13.7897
15 0 1 67 13.1943
15 0 1 68 14.8651
15 0 1 69 13.4582
15 0 1 70 15.3374
15 0 1 71 13.3848
15 0 1 72 15.9857
15 0 1 73 14.6884
15 0 1 74 14.2704
15 0 1 75 15.1044
15 0 1 76 13.7042
15 0 1 77 13.2651
15 0 1 78 14.4864
15 0 1 79 13.7461
15 0 2 0 13.5588
15 0 2 1 14.0642
15 0 2 2 13.8721
15 0 2 3 14.6773
15 0 2 4 15.5074
15 0 2 5 13.5495
15 0 2 6 14.7006
15 0 2 7 15.5631
15 0 2 8 13.9682
15 0 2 9 14.8217
15 0 2 10 14.443
15 0 2 11 14.7259
15 0 2 12 14.3444
15 0 2 13 14.0725
15 0 2 14 13.8305
15 0 2 15 14.4547
15 0 2 16 14.5201
15 0 2 17 14.5825
15 0 2 18 14.2466
15 0 2 19 14.663
15 0 2 20 15.5265
15 0 2 21 14.5535
15 0 2 22 14.2657
15 0 2 23 15.0107
15 0 2 24 14.2074
15 0 2 25 14.2556
15 0 2 26 14.7758
15 0 2 27 13.816
15 0 2 28 14.5178
15 0 2 29 14.8287
15 0 2 30 14.4294
15 0 2 31 13.8701
15 0 2 32 15.2246
15 0 2 33 14.175
15 0 2 34 14.5525
15 0 2 35 13.9176
15 0 2 36 14.5007
15 0 2 37 14.7848
15 0 2 38 15.2465
15 0 2 39 15.3374
15 0 2 40 12.8635
15 0 2 41 15.5134
15 0 2 42 13.8025
15 0 2 43 16.5536
15 0 2 44 14.4215
15 0 2 45 13.9583
15 0 2 46 14.5331
15 0 2 47 14.5433
15 0 2 48 14.5366
15 0 2 49 13.4034
15 0 2 50 14.4986
15 0 2 51 14.4907
15 0 2 52 13.5677
15 0 2 53 13.9345
15 0 2 54 15.1777
15 0 2 55 14.4004
15 0 2 56 13.9984
15 0 2 57 13.5746
15 0 2 58 14.7177
15 0 2 59 14.4204
15 0 2 60 16.2534
15 0 2 61 14.0959
15 0 2 62 13.8737
15 0 2 63 14.2326
15 0 2 64 14.8251
15 0 2 65 13.7616
15 0 2 66 15.5165
15 0 2 67 13.4362
15 0 2 68 14.9813
15 0 2 69 14.7716
15 0 2 70 14.8131
15 0 2 71 13.8785
15 0 2 72 13.2447
15 0 2 73 13.8089
15 0 2 74 14.816
15 0 2 75 13.7057
15 0 2 76 14.8931
15 0 2 77 14.0541
15 0 2 78 14.7013
15 0 2 79 11.5507
15 0 3 0 15.2466
15 0 3 1 15.4981
15 0 3 2 14.8271
15 0 3 3 15.3548
15 0 3 4 14.6843
15 0 3 5 14.2891
15 0 3 6 13.6979
15 0 3 7 14.3795
15 0 3 8 14.7639
15 0 3 9 13.8307
15 0 3 10 15.0875
15 0 3 11 14.4802
15 0 3 12 14.3527
15 0 3 13 15.1906
15 0 3 14 14.2075
15 0 3 15 14.6154
15 0 3 16 13.9628
15 0 3 17 15.0131
15 0 3 18 14.1352
15 0 3 19 16.4781
15 0 3 20 14.8523
15 0 3 21 14.94
15 0 3 22 14.2047
15 0 3 23 15.2696
15 0 3 24 14.9378
15 0 3 25 14.6432
15 0 3 26 14.8709
15 0 3 27 15.276
15 0 3 28 13.9961
15 0 3 29 14.511
15 0 3 30 14.4006
15 0 3 31 14.5186
15 0 3 32 14.3858
15 0 3 33 15.0482
15 0 3 34 14.6101
15 0 3 35 14.5948
15 0 3 36 14.4693
15 0 3 37 14.6902
15 0 3 38 14.1858
15 0 3 39 15.4868
15 0 3 40 15.4782
15 0 3 41 17.1926
15 0 3 42 14.4389
15 0 3 43 13.2411
15 0 3 44 13.4595
15 0 3 45 14.0434
15 0 3 46 13.6553
15 0 3 47 14.8802
15 0 3 48 13.8546
15 0 3 49 14.3055
15 0 3 50 14.0532
15 0 3 51 15.6963
15 0 3 52 13.761
15 0 3 53 16.1653
15 0 3 54 15.1801
15 0 3 55 14.2841
15 0 3 56 14.3263
15 0 3 57 15.1072
15 0 3 58 13.6192
15 0 3 59 13.5207
15 0 3 60 12.3414
15 0 3 61 13.9732
15 0 3 62 13.8892
15 0 3 63 15.4309
15 0 3 64 13.7951
15 0 3 65 14.8986
15 0 3 66 14.5941
15 0 3 67 14.1961
15 0 3 68 14.5495
15 0 3 69 17.7126
15 0 3 70 15.5433
15 0 3 71 14.8357
15 0 3 72 15.5469
15 0 3 73 13.6732
15 0 3 74 13.9238
15 0 3 75 14.4778
15 0 3 76 12.8006
15 0 3 77 14.7113
15 0 3 78 13.6908
15 0 3 79 17.0661
15 0 4 0 14.5481
15 0 4 1 14.0729
15 0 4 2 14.5583
15 0 4 3 14.3392
15 0 4 4 15.1168
15 0 4 5 14.6041
15 0 4 6 15.6955
15 0 4 7 14.6164
15 0 4 8 14.6522
15 0 4 9 14.264
15 0 4 10 15.4
15 0 4 11 14.0826
15 0 4 12 15.1704
15 0 4 13 14.6821
15 0 4 14 15.0356
15 0 4 15 13.9144
15 0 4 16 14.8809
15 0 4 17 15.5567
15 0 4 18 15.6913
15 0 4 19 14.8773
15 0 4 20 15.935
15 0 4 21 14.6448
15 0 4 22 14.8775
15 0 4 23 14.709
15 0 4 24 14.3117
15 0 4 25 14.5442
15 0 4 26 14.8851
15 0 4 27 14.7468
15 0 4 28 14.4561
15 0 4 29 14.4697
15 0 4 30 14.4492
15 0 4 31 14.6649
15 0 4 32 14.5155
15 0 4 33 13.9536
15 0 4 34 13.9974
15 0 4 35 15.4147
15 0 4 36 15.7349
15 0 4 37 15.713
15 0 4 38 15.6262
15 0 4 39 15.0715
15 0 4 40 0
15 0 4 41 15.8108
15 0 4 42 14.2581
15 0 4 43 15.1473
15 0 4 44 14.4625
15 0 4 45 13.6176
15 0 4 46 14.0755
15 0 4 47 14.7183
15 0 4 48 14.4769
15 0 4 49 14.6442
15 0 4 50 15.7666
15 0 4 51 13.7866
15 0 4 52 15.0954
15 0 4 53 15.767
15 0 4 54 15.5332
15 0 4 55 13.9636
15 0 4 56 14.4398
15 0 4 57 13.3895
15 0 4 58 14.5765
15 0 4 59 13.3192
15 0 4 60 0
15 0 4 61 14.0298
15 0 4 62 15.6051
15 0 4 63 13.6939
15 0 4 64 14.7571
15 0 4 65 13.6766
15 0 4 66 14.552
15 0 4 67 13.7115
15 0 4 68 13.2337
15 0 4 69 13.7057
15 0 4 70 15.3858
15 0 4 71 17.0318
15 0 4 72 13.9241
15 0 4 73 14.5678
15 0 4 74 13.044
15 0 4 75 13.6755
15 0 4 76 13.8044
15 0 4 77 15.0936
15 0 4 78 14.6658
15 0 4 79 17.1761
15 0 5 0 15.1487
15 0 5 1 15.1562
15 0 5 2 16.9585
15 0 5 3 15.4647
15 0 5 4 14.4316
15 0 5 5 14.9959
15 0 5 6 15.215
15 0 5 7 14.8153
15 0 5 8 14.5638
15 0 5 9 14.4769
15 0 5 10 13.9835
15 0 5 11 14.5122
15 0 5 12 14.5815
15 0 5 13 14.38
15 0 5 14 14.3411
15 0 5 15 14.5955
15 0 5 16 14.9968
15 0 5 17 14.3883
15 0 5 18 14.9448
15 0 5 19 14.2419
15 0 5 20 15.0904
15 0 5 21 14.3625
15 0 5 22 14.2341
15 0 5 23 15.6348
15 0 5 24 15.6566
15 0 5 25 15.1632
15 0 5 26 14.1909
15 0 5 27 15.1812
15 0 5 28 14.3543
15 0 5 29 14.7044
15 0 5 30 14.9107
15 0 5 31 14.744
15 0 5 32 13.9241
15 0 5 33 15.2143
15 0 5 34 14.1477
15 0 5 35 14.8719
15 0 5 36 14.387
15 0 5 37 14.4466
15 0 5 38 14.0287
15 0 5 39 14.7063
15 0 5 40 13.756
15 0 5 41 13.6827
15 0 5 42 14.5025
15 0 5 43 15.0148
15 0 5 44 15.2446
15 0 5 45 13.1019
15 0 5 46 14.1767
15 0 5 47 14.3787
15 0 5 48 14.4551
15 0 5 49 14.1736
15 0 5 50 14.2012
15 0 5 51 13.418
15 0 5 52 13.9688
15 0 5 53 13.6756
15 0 5 54 13.8786
15 0 5 55 13.7886
15 0 5 56 0
15 0 5 57 14.8575
15 0 5 58 13.0969
15 0 5 59 15.2472
15 0 5 60 13.6137
15 0 5 61 14.4959
15 0 5 62 15.1244
15 0 5 63 13.938
15 0 5 64 14.8549
15 0 5 65 15.6327
15 0 5 66 13.7004
15 0 5 67 14.3169
15 0 5 68 13.8736
15 0 5 69 13.2057
15 0 5 70 14.3332
15 0 5 71 13.55
15 0 5 72 14.1847
15 0 5 73 13.7857
15 0 5 74 14.9669
15 0 5 75 13.8053
15 0 5 76 12.706
15 0 5 77 15.0482
15 0 5 78 15.3364
15 0 5 79 15.3349
15 0 6 0 14.625
15 0 6 1 14.6559
15 0 6 2 14.2186
15 0 6 3 15.1136
15 0 6 4 14.5191
15 0 6 5 14.642
15 0 6 6 13.889
15 0 6 7 14.5586
15 0 6 8 14.3467
15 0 6 9 16.2699
15 0 6 10 15.4678
15 0 6 11 14.0848
15 0 6 12 15.4831
15 0 6 13 14.8456
15 0 6 14 14.5215
15 0 6 15 14.2485
15 0 6 16 14.141
15 0 6 17 14.7044
15 0 6 18 15.3565
15 0 6 19 15.4158
15 0 6 20 14.5338
15 0 6 21 14.8115
15 0 6 22 14.3898
15 0 6 23 14.9167
15 0 6 24 14.5676
15 0 6 25 14.8873
15 0 6 26 13.8981
15 0 6 27 14.0933
15 0 6 28 14.4529
15 0 6 29 14.1923
15 0 6 30 14.3501
15 0 6 31 14.727
15 0 6 32 14.7735
15 0 6 33 15.0593
15 0 6 34 15.0967
15 0 6 35 13.9338
15 0 6 36 15.0231
15 0 6 37 14.8192
15 0 6 38 14.1805
15 0 6 39 14.602
15 0 6 40 14.5699
15 0 6 41 14.9633
15 0 6 42 15.3069
15 0 6 43 13.6542
15 0 6 44 14.1163
15 0 6 45 13.9524
15 0 6 46 14.9144
15 0 6 47 14.4486
15 0 6 48 14.9664
15 0 6 49 15.173
15 0 6 50 14.6161
15 0 6 51 14.6898
15 0 6 52 14.4345
15 0 6 53 14.4537
15 0 6 54 13.8286
15 0 6 55 13.9617
15 0 6 56 13.7888
15 0 6 57 12.5185
15 0 6 58 12.5829
15 0 6 59 11.1266
15 0 6 60 14.3078
15 0 6 61 13.5636
15 0 6 62 15.0956
15 0 6 63 14.858
15 0 6 64 16.9014
15 0 6 65 13.6966
15 0 6 66 13.4981
15 0 6 67 14.2557
15 0 6 68 15.1158
15 0 6 69 12.0769
15 0 6 70 14.2689
15 0 6 71 14.2608
15 0 6 72 14.5017
15 0 6 73 14.1921
15 0 6 74 13.5871
15 0 6 75 13.868
15 0 6 76 12.4666
15 0 6 77 13.0867
15 0 6 78 14.5897
15 0 6 79 12.8759
15 0 7 0 14.0679
15 0 7 1 14.3146
15 0 7 2 14.0646
15 0 7 3 14.4712
15 0 7 4 14.2669
15 0 7 5 14.9142
15 0 7 6 14.7491
15 0 7 7 14.7764
15 0 7 8 15.7123
15 0 7 9 14.3789
15 0 7 10 15.518
15 0 7 11 14.4577
15 0 7 12 14.079
15 0 7 13 13.9858
15 0 7 14 14.2789
15 0 7 15 14.8456
15 0 7 16 14.5066
15 0 7 17 14.7942
15 0 7 18 13.9319
15 0 7 19 13.4279
15 0 7 20 15.5833
15 0 7 21 14.0185
15 0 7 22 14.6332
15 0 7 23 14.1375
15 0 7 24 15.0709
15 0 7 25 14.7786
15 0 7 26 14.2935
15 0 7 27 14.3008
15 0 7 28 14.4344
15 0 7 29 14.123
15 0 7 30 14.571
15 0 7 31 13.8677
15 0 7 32 14.5227
15 0 7 33 13.9509
15 0 7 34 14.2681
15 0 7 35 13.4346
15 0 7 36 13.7333
15 0 7 37 14.0708
15 0 7 38 14.6535
15 0 7 39 14.5913
15 0 7 40 13.8739
15 0 7 41 14.3134
15 0 7 42 14.3324
15 0 7 43 13.5242
15 0 7 44 12.1715
15 0 7 45 14.1597
15 0 7 46 15.0751
15 0 7 47 13.7274
15 0 7 48 13.6159
15 0 7 49 13.4631
15 0 7 50 14.1864
15 0 7 51 14.5614
15 0 7 52 14.3624
15 0 7 53 14.737
15 0 7 54 15.0994
15 0 7 55 14.8888
15 0 7 56 12.8243
15 0 7 57 14.607
15 0 7 58 14.7365
15 0 7 59 13.1942
15 0 7 60 14.534
15 0 7 61 0
15 0 7 62 12.8352
15 0 7 63 13.6035
15 0 7 64 15.7025
15 0 7 65 13.4228
15 0 7 66 14.6745
15 0 7 67 12.9543
15 0 7 68 14.4645
15 0 7 69 13.1319
15 0 7 70 14.4903
15 0 7 71 13.6446
15 0 7 72 14.0929
15 0 7 73 14.3423
15 0 7 74 12.8787
15 0 7 75 14.4403
15 0 7 76 12.2187
15 0 7 77 14.963
15 0 7 78 13.5383
15 0 7 79 0
15 1 0 0 0
15 1 0 1 13.9864
15 1 0 2 14.0924
15 1 0 3 15.0137
15 1 0 4 14.582
15 1 0 5 14.9289
15 1 0 6 14.1382
15 1 0 7 15.0863
15 1 0 8 14.488
15 1 0 9 15.0905
15 1 0 10 13.6859
15 1 0 11 13.5963
15 1 0 12 13.5389
15 1 0 13 13.2354
15 1 0 14 13.6007
15 1 0 15 14.8774
15 1 0 16 14.227
15 1 0 17 14.8924
15 1 0 18 13.3273
15 1 0 19 14.6334
15 1 0 20 13.4005
15 1 0 21 14.5976
15 1 0 22 14.6876
15 1 0 23 14.6271
15 1 0 24 14.2224
15 1 0 25 14.1963
15 1 0 26 15.3268
15 1 0 27 14.6704
15 1 0 28 14.4462
15 1 0 29 14.1921
15 1 0 30 14.7417
15 1 0 31 13.916
15 1 0 32 13.7984
15 1 0 33 14.3154
15 1 0 34 14.6192
15 1 0 35 14.0765
15 1 0 36 14.2416
15 1 0 37 14.1662
15 1 0 38 15.2561
15 1 0 39 14.2065
15 1 0 40 12.1321
15 1 0 41 14.1207
15 1 0 42 12.4704
15 1 0 43 14.0197
15 1 0 44 14.307
15 1 0 45 13.8209
15 1 0 46 14.0052
15 1 0 47 13.0803
15 1 0 48 12.9555
15 1 0 49 12.9567
15 1 0 50 14.6384
15 1 0 51 12.6642
15 1 0 52 12.888
15 1 0 53 13.0264
15 1 0 54 13.715
15 1 0 55 13.0626
15 1 0 56 13.8908
15 1 0 57 12.9769
15 1 0 58 14.5985
15 1 0 59 14.0754
15 1 0 60 12.1897
15 1 0 61 13.8932
15 1 0 62 14.631
15 1 0 63 14.0496
15 1 0 64 13.114
15 1 0 65 12.9884
15 1 0 66 12.5922
15 1 0 67 13.1562
15 1 0 68 13.4793
15 1 0 69 14.8701
15 1 0 70 14.4801
15 1 0 71 14.0943
15 1 0 72 12.6198
15 1 0 73 13.9411
15 1 0 74 0
15 1 0 75 12.8913
15 1 0 76 13.6415
15 1 0 77 13.0929
15 1 0 78 13.8297
15 1 0 79 11.6648
15 1 1 0 14.0992
15 1 1 1 15.216
15 1 1 2 14.0342
15 1 1 3 14.8338
15 1 1 4 15.9611
15 1 1 5 14.7117
15 1 1 6 14.1551
15 1 1 7 15.0591
15 1 1 8 14.9622
15 1 1 9 14.8507
15 1 1 10 14.6055
15 1 1 11 14.9768
15 1 1 12 14.5133
15 1 1 13 14.3763
15 1 1 14 14.286
15 1 1 15 14.2577
15 1 1 16 14.0977
15 1 1 17 15.2237
15 1 1 18 14.5102
15 1 1 19 14.626
15 1 1 20 14.7144
15 1 1 21 14.6834
15 1 1 22 15.3474
15 1 1 23 14.3674
15 1 1 24 14.6283
15 1 1 25 14.3561
15 1 1 26 14.6439
15 1 1 27 14.8741
15 1 1 28 14.0276
15 1 1 29 14.7651
15 1 1 30 14.2673
15 1 1 31 14.6307
15 1 1 32 14.8253
15 1 1 33 14.3803
15 1 1 34 14.5984
15 1 1 35 15.185
15 1 1 36 14.5368
15 1 1 37 13.9853
15 1 1 38 15.0078
15 1 1 39 14.387
15 1 1 40 13.9814
15 1 1 41 13.4917
15 1 1 42 13.3652
15 1 1 43 12.7898
15 1 1 44 14.8445
15 1 1 45 14.2643
15 1 1 46 13.8907
15 1 1 47 13.5579
15 1 1 48 13.6016
15 1 1 49 12.7185
15 1 1 50 13.53
15 1 1 51 13.3748
15 1 1 52 13.6384
15 1 1 53 14.0933
15 1 1 54 12.8536
15 1 1 55 12.8948
15 1 1 56 14.4365
15 1 1 57 14.0695
15 1 1 58 13.1028
15 1 1 59 14.1318
15 1 1 60 12.9688
15 1 1 61 15.2998
15 1 1 62 13.6383
15 1 1 63 13.3476
15 1 1 64 13.7936
15 1 1 65 14.093
15 1 1 66 14.0586
15 1 1 67 14.3683
15 1 1 68 15.063
15 1 1 69 13.1404
15 1 1 70 12.8984
15 1 1 71 13.3644
15 1 1 72 13.8857
15 1 1 73 13.4448
15 1 1 74 15.3619
15 1 1 75 14.3433
15 1 1 76 13.5103
15 1 1 77 13.1653
15 1 1 78 14.0981
15 1 1 79 13.8221
15 1 2 0 14.0363
15 1 2 1 14.3956
15 1 2 2 14.2172
15 1 2 3 14.8941
15 1 2 4 14.9453
15 1 2 5 14.4615
15 1 2 6 14.8157
15 1 2 7 14.9491
15 1 2 8 14.8439
15 1 2 9 14.799
15 1 2 10 15.2848
15 1 2 11 15.1393
15 1 2 12 15.7294
15 1 2 13 14.1067
15 1 2 14 15.4276
15 1 2 15 14.7775
15 1 2 16 14.4074
15 1 2 17 14.5337
15 1 2 18 14.5957
15 1 2 19 14.7281
15 1 2 20 14.4529
15 1 2 21 14.6452
15 1 2 22 13.84
15 1 2 23 13.7095
15 1 2 24 14.8465
15 1 2 25 15.3124
15 1 2 26 14.9507
15 1 2 27 14.2409
15 1 2 28 15.0878
15 1 2 29 14.7065
15 1 2 30 14.0911
15 1 2 31 15.3716
15 1 2 32 14.1434
15 1 2 33 14.8888
15 1 2 34 14.1995
15 1 2 35 15.4293
15 1 2 36 14.6542
15 1 2 37 14.5687
15 1 2 38 14.4952
15 1 2 39 14.2596
15 1 2 40 0
15 1 2 41 13.9957
15 1 2 42 13.9933
15 1 2 43 13.6359
15 1 2 44 13.0984
15 1 2 45 13.647
15 1 2 46 12.7068
15 1 2 47 13.1725
15 1 2 48 12.8715
15 1 2 49 15.6993
15 1 2 50 13.1037
15 1 2 51 13.5896
15 1 2 52 13.2876
15 1 2 53 14.9254
15 1 2 54 13.2798
15 1 2 55 12.9102
15 1 2 56 13.2583
15 1 2 57 14.0476
15 1 2 58 14.1123
15 1 2 59 12.9002
15 1 2 60 12.5427
15 1 2 61 14.4343
15 1 2 62 13.4632
15 1 2 63 12.5834
15 1 2 64 12.9895
15 1 2 65 14.9415
15 1 2 66 15.399
15 1 2 67 13.306
15 1 2 68 14.1078
15 1 2 69 14.1248
15 1 2 70 14.727
15 1 2 71 14.4518
15 1 2 72 13.8474
15 1 2 73 14.728
15 1 2 74 14.4351
15 1 2 75 0
15 1 2 76 14.405
15 1 2 77 14.4648
15 1 2 78 14.2245
15 1 2 79 14.0721
15 1 3 0 13.7245
15 1 3 1 13.436
15 1 3 2 15.3054
15 1 3 3 15.5831
15 1 3 4 15.5475
15 1 3 5 14.9571
15 1 3 6 15.7566
15 1 3 7 15.2743
15 1 3 8 14.7268
15 1 3 9 15.6735
15 1 3 10 14.6479
15 1 3 11 14.8033
15 1 3 12 15.0307
15 1 3 13 15.1577
15 1 3 14 15.2415
15 1 3 15 14.507
15 1 3 16 15.3018
15 1 3 17 15.1655
15 1 3 18 16.0255
15 1 3 19 15.187
15 1 3 20 14.8022
15 1 3 21 15.4781
15 1 3 22 15.1219
15 1 3 23 15.4072
15 1 3 24 14.9076
15 1 3 25 14.6066
15 1 3 26 14.8386
15 1 3 27 14.3431
15 1 3 28 15.3485
15 1 3 29 15.6883
15 1 3 30 13.7236
15 1 3 31 14.0545
15 1 3 32 14.5636
15 1 3 33 15.8949
15 1 3 34 15.9036
15 1 3 35 14.7706
15 1 3 36 14.5854
15 1 3 37 13.8562
15 1 3 38 15.2302
15 1 3 39 15.0135
15 1 3 40 13.4622
15 1 3 41 11.8768
15 1 3 42 14.4171
15 1 3 43 13.3909
15 1 3 44 14.058
15 1 3 45 13.4211
15 1 3 46 14.0906
15 1 3 47 12.6858
15 1 3 48 15.042
15 1 3 49 12.0063
15 1 3 50 13.103
15 1 3 51 11.7505
15 1 3 52 13.8581
15 1 3 53 14.7946
15 1 3 54 13.5386
15 1 3 55 14.0175
15 1 3 56 14.3406
15 1 3 57 14.0176
15 1 3 58 12.8847
15 1 3 59 15.7111
15 1 3 60 12.601
15 1 3 61 13.5922
15 1 3 62 15.037
15 1 3 63 13.5215
15 1 3 64 14.0158
15 1 3 65 13.6988
15 1 3 66 13.921
15 1 3 67 0
15 1 3 68 14.6792
15 1 3 69 13.3278
15 1 3 70 14.1537
15 1 3 71 12.7591
15 1 3 72 14.0974
15 1 3 73 14.4591
15 1 3 74 14.2545
15 1 3 75 12.8986
15 1 3 76 14.6129
15 1 3 77 14.1668
15 1 3 78 15.1068
15 1 3 79 16.093
15 1 4 0 15.0354
15 1 4 1 14.3354
15 1 4 2 15.0411
15 1 4 3 14.7821
15 1 4 4 15.0726
15 1 4 5 14.4225
15 1 4 6 15.0145
15 1 4 7 14.3311
15 1 4 8 15.1498
15 1 4 9 15.4667
15 1 4 10 15.9174
15 1 4 11 15.237
15 1 4 12 15.3595
15 1 4 13 14.6523
15 1 4 14 15.4926
15 1 4 15 14.6644
15 1 4 16 14.1427
15 1 4 17 13.9785
15 1 4 18 14.3142
15 1 4 19 16.4122
15 1 4 20 0
15 1 4 21 0
15 1 4 22 14.7904
15 1 4 23 15.1734
15 1 4 24 15.297
15 1 4 25 14.6266
15 1 4 26 14.8252
15 1 4 27 14.3875
15 1 4 28 15.0016
15 1 4 29 15.0806
15 1 4 30 14.5717
15 1 4 31 14.4801
15 1 4 32 14.4687
15 1 4 33 15.3652
15 1 4 34 14.2864
15 1 4 35 14.8301
15 1 4 36 15.7513
15 1 4 37 14.7014
15 1 4 38 15.2335
15 1 4 39 16.0171
15 1 4 40 14.2205
15 1 4 41 13.9075
15 1 4 42 13.0435
15 1 4 43 13.9631
15 1 4 44 12.8502
15 1 4 45 13.7451
15 1 4 46 12.6184
15 1 4 47 13.0816
15 1 4 48 0
15 1 4 49 0
15 1 4 50 13.0859
15 1 4 51 13.9053
15 1 4 52 14.0302
15 1 4 53 13.5153
15 1 4 54 12.7723
15 1 4 55 13.623
15 1 4 56 14.0843
15 1 4 57 14.8111
15 1 4 58 13.9061
15 1 4 59 16.8599
15 1 4 60 13.8044
15 1 4 61 13.499
15 1 4 62 13.1768
15 1 4 63 12.2238
15 1 4 64 14.0083
15 1 4 65 14.5497
15 1 4 66 15.8754
15 1 4 67 13.6467
15 1 4 68 14.3731
15 1 4 69 13.002
15 1 4 70 13.3773
15 1 4 71 0
15 1 4 72 14.9665
15 1 4 73 14.3511
15 1 4 74 14.2358
15 1 4 75 12.0203
15 1 4 76 13.8483
15 1 4 77 14.8005
15 1 4 78 12.5936
15 1 4 79 13.3901
15 1 5 0 14.2094
15 1 5 1 13.7373
15 1 5 2 15.2191
15 1 5 3 14.1388
15 1 5 4 13.8703
15 1 5 5 14.5948
15 1 5 6 15.2707
15 1 5 7 14.5257
15 1 5 8 14.9094
15 1 5 9 15.1216
15 1 5 10 14.2848
15 1 5 11 14.4168
15 1 5 12 14.4881
15 1 5 13 14.1248
15 1 5 14 13.8924
15 1 5 15 13.658
15 1 5 16 14.7516
15 1 5 17 14.6254
15 1 5 18 14.5278
15 1 5 19 0
15 1 5 20 0
15 1 5 21 14.6097
15 1 5 22 14.2767
15 1 5 23 15.2768
15 1 5 24 14.7198
15 1 5 25 14.1514
15 1 5 26 14.6786
15 1 5 27 13.6964
15 1 5 28 14.4596
15 1 5 29 15.2508
15 1 5 30 14.1531
15 1 5 31 14.4747
15 1 5 32 14.4931
15 1 5 33 14.8005
15 1 5 34 14.1183
15 1 5 35 14.9558
15 1 5 36 14.6315
15 1 5 37 14.2242
15 1 5 38 14.8989
15 1 5 39 14.4124
15 1 5 40 13.5538
15 1 5 41 12.9845
15 1 5 42 14.0491
15 1 5 43 13.8108
15 1 5 44 13.8126
15 1 5 45 13.8032
15 1 5 46 13.5117
15 1 5 47 13.7544
15 1 5 48 0
15 1 5 49 12.7682
15 1 5 50 13.8424
15 1 5 51 14.4529
15 1 5 52 14.1283
15 1 5 53 14.2291
15 1 5 54 12.5155
15 1 5 55 13.2598
15 1 5 56 13.4986
15 1 5 57 12.4514
15 1 5 58 12.8455
15 1 5 59 11.4958
15 1 5 60 13.4463
15 1 5 61 12.9576
15 1 5 62 12.1956
15 1 5 63 14.1468
15 1 5 64 15.3577
15 1 5 65 13.9017
15 1 5 66 14.0359
15 1 5 67 13.624
15 1 5 68 14.0254
15 1 5 69 14.5393
15 1 5 70 0
15 1 5 71 0
15 1 5 72 13.0902
15 1 5 73 13.3838
15 1 5 74 13.8865
15 1 5 75 14.9242
15 1 5 76 12.8948
15 1 5 77 11.8506
15 1 5 78 12.5566
15 1 5 79 15.2337
15 1 6 0 15.3136
15 1 6 1 15.4676
15 1 6 2 14.3762
15 1 6 3 14.0738
15 1 6 4 14.4228
15 1 6 5 15.0906
15 1 6 6 13.6078
15 1 6 7 14.491
15 1 6 8 14.8326
15 1 6 9 14.3847
15 1 6 10 14.7944
15 1 6 11 15.1344
15 1 6 12 14.3135
15 1 6 13 15.3991
15 1 6 14 14.3273
15 1 6 15 14.9911
15 1 6 16 15.2351
15 1 6 17 14.3606
15 1 6 18 14.6352
15 1 6 19 15.0483
15 1 6 20 14.7061
15 1 6 21 14.428
15 1 6 22 14.6262
15 1 6 23 14.4183
15 1 6 24 15.2041
15 1 6 25 14.9686
15 1 6 26 14.1001
15 1 6 27 15.1056
15 1 6 28 14.4745
15 1 6 29 14.8065
15 1 6 30 13.9933
15 1 6 31 14.6353
15 1 6 32 13.7203
15 1 6 33 14.2793
15 1 6 34 14.3653
15 1 6 35 14.9671
15 1 6 36 14.512
15 1 6 37 14.853
15 1 6 38 14.45
15 1 6 39 15.1352
15 1 6 40 13.1564
15 1 6 41 14.2831
15 1 6 42 15.0874
15 1 6 43 11.9637
15 1 6 44 14.3054
15 1 6 45 12.7294
15 1 6 46 14.2484
15 1 6 47 13.5944
15 1 6 48 13.6787
15 1 6 49 13.7766
15 1 6 50 13.5195
15 1 6 51 14.1724
15 1 6 52 13.6877
15 1 6 53 13.6864
15 1 6 54 13.251
15 1 6 55 13.3183
15 1 6 56 11.9079
15 1 6 57 12.605
15 1 6 58 13.4552
15 1 6 59 14.3554
15 1 6 60 16.2843
15 1 6 61 13.4669
15 1 6 62 13.4998
15 1 6 63 15.0763
15 1 6 64 12.4635
15 1 6 65 13.1461
15 1 6 66 13.3934
15 1 6 67 14.0146
15 1 6 68 13.2842
15 1 6 69 14.0038
15 1 6 70 13.6295
15 1 6 71 14.1749
15 1 6 72 13.2874
15 1 6 73 14.7035
15 1 6 74 13.4655
15 1 6 75 14.0569
15 1 6 76 13.5933
15 1 6 77 12.4687
15 1 6 78 12.1369
15 1 6 79 14.9122
15 1 7 0 15.1509
15 1 7 1 14.3079
15 1 7 2 14.8778
15 1 7 3 15.1191
15 1 7 4 14.373
15 1 7 5 13.6185
15 1 7 6 14.5391
15 1 7 7 15.1678
15 1 7 8 15.1897
15 1 7 9 15.5854
15 1 7 10 14.9235
15 1 7 11 14.2342
15 1 7 12 15.0828
15 1 7 13 14.3908
15 1 7 14 14.6676
15 1 7 15 14.8192
15 1 7 16 14.6295
15 1 7 17 15.0195
15 1 7 18 16.5815
15 1 7 19 15.278
15 1 7 20 14.9009
15 1 7 21 14.2278
15 1 7 22 14.9425
15 1 7 23 14.7688
15 1 7 24 0
15 1 7 25 14.2113
15 1 7 26 15.3142
15 1 7 27 14.4256
15 1 7 28 14.2531
15 1 7 29 14.4776
15 1 7 30 15.2045
15 1 7 31 15.0461
15 1 7 32 0
15 1 7 33 13.8499
15 1 7 34 14.9612
15 1 7 35 13.8466
15 1 7 36 14.476
15 1 7 37 14.0551
15 1 7 38 13.8533
15 1 7 39 14.8088
15 1 7 40 15.803
15 1 7 41 12.2327
15 1 7 42 13.8205
15 1 7 43 14.8332
15 1 7 44 13.4496
15 1 7 45 13.2347
15 1 7 46 13.87
15 1 7 47 13.3226
15 1 7 48 14.4899
15 1 7 49 12.468
15 1 7 50 13.8809
15 1 7 51 13.962
15 1 7 52 12.6921
15 1 7 53 13.3879
15 1 7 54 11.7538
15 1 7 55 12.4626
15 1 7 56 12.6155
15 1 7 57 13.6571
15 1 7 58 13.2033
15 1 7 59 12.7233
15 1 7 60 13.4604
15 1 7 61 11.8508
15 1 7 62 13.3509
15 1 7 63 0
15 1 7 64 0
15 1 7 65 13.1986
15 1 7 66 11.8876
15 1 7 67 12.192
15 1 7 68 13.1627
15 1 7 69 12.1881
15 1 7 70 13.7326
15 1 7 71 0
15 1 7 72 13.3244
15 1 7 73 14.9495
15 1 7 74 13.9289
15 1 7 75 0
15 1 7 76 13.7119
15 1 7 77 12.7715
15 1 7 78 12.7973
15 1 7 79 12.1178
