3 0 0 0 24.0403
3 0 0 1 20.6842
3 0 0 2 23.716
3 0 0 3 22.6704
3 0 0 4 22.8895
3 0 0 5 22.3738
3 0 0 6 23.114
3 0 0 7 22.7926
3 0 0 8 22.2391
3 0 0 9 23.0054
3 0 0 10 23.6494
3 0 0 11 22.4791
3 0 0 12 21.2082
3 0 0 13 23.5123
3 0 0 14 21.9292
3 0 0 15 23.1268
3 0 0 16 22.1842
3 0 0 17 23.0566
3 0 0 18 22.8998
3 0 0 19 22.6205
3 0 0 20 23.0759
3 0 0 21 21.3385
3 0 0 22 22.1342
3 0 0 23 24.2323
3 0 1 0 23.7713
3 0 1 1 23.4348
3 0 1 2 22.3763
3 0 1 3 21.6585
3 0 1 4 21.0829
3 0 1 5 20.811
3 0 1 6 19.5843
3 0 1 7 21.6239
3 0 1 8 20.2878
3 0 1 9 23.5324
3 0 1 10 23.8831
3 0 1 11 23.1183
3 0 1 12 22.8574
3 0 1 13 23.2179
3 0 1 14 23.5454
3 0 1 15 21.0323
3 0 1 16 23.65
3 0 1 17 23.4044
3 0 1 18 25.0652
3 0 1 19 22.872
3 0 1 20 22.3384
3 0 1 21 22.4781
3 0 1 22 23.4489
3 0 1 23 23.9817
3 0 2 0 20.9616
3 0 2 1 19.8453
3 0 2 2 23.534
3 0 2 3 22.4475
3 0 2 4 19.5883
3 0 2 5 23.3433
3 0 2 6 21.1898
3 0 2 7 21.1063
3 0 2 8 21.2899
3 0 2 9 23.5459
3 0 2 10 19.9417
3 0 2 11 22.0316
3 0 2 12 19.6728
3 0 2 13 22.8133
3 0 2 14 20.1323
3 0 2 15 22.4039
3 0 2 16 19.8874
3 0 2 17 22.0845
3 0 2 18 22.9672
3 0 2 19 23.1196
3 0 2 20 23.7022
3 0 2 21 22.6124
3 0 2 22 20.2641
3 0 2 23 20.2547
3 0 3 0 23.0255
3 0 3 1 22.5369
3 0 3 2 22.3661
3 0 3 3 22.7595
3 0 3 4 22.5418
3 0 3 5 22.8522
3 0 3 6 23.6698
3 0 3 7 23.0905
3 0 3 8 23.2841
3 0 3 9 22.678
3 0 3 10 22.6914
3 0 3 11 23.5995
3 0 3 12 21.7831
3 0 3 13 23.126
3 0 3 14 22.6417
3 0 3 15 23.6461
3 0 3 16 21.2888
3 0 3 17 23.3228
3 0 3 18 22.9565
3 0 3 19 23.3997
3 0 3 20 23.943
3 0 3 21 23.8195
3 0 3 22 22.9269
3 0 3 23 23.2988
3 0 4 0 24.3109
3 0 4 1 23.2352
3 0 4 2 25.098
3 0 4 3 22.3443
3 0 4 4 22.6738
3 0 4 5 23.6146
3 0 4 6 23.0216
3 0 4 7 23.1742
3 0 4 8 24.3821
3 0 4 9 23.8937
3 0 4 10 23.6149
3 0 4 11 23.105
3 0 4 12 23.1331
3 0 4 13 23.9377
3 0 4 14 24.7078
3 0 4 15 23.2729
3 0 4 16 24.1093
3 0 4 17 23.7016
3 0 4 18 22.8398
3 0 4 19 24.6978
3 0 4 20 23.2478
3 0 4 21 24.7821
3 0 4 22 24.4936
3 0 4 23 25.5419
3 0 5 0 24.8443
3 0 5 1 24.419
3 0 5 2 25.3463
3 0 5 3 25.2695
3 0 5 4 26.0523
3 0 5 5 24.9535
3 0 5 6 23.0239
3 0 5 7 24.9572
3 0 5 8 25.1092
3 0 5 9 26.2784
3 0 5 10 25.2037
3 0 5 11 25.4532
3 0 5 12 24.7937
3 0 5 13 24.3724
3 0 5 14 25.9752
3 0 5 15 24.1307
3 0 5 16 24.6467
3 0 5 17 25.0122
3 0 5 18 25.2944
3 0 5 19 25.0091
3 0 5 20 25.2099
3 0 5 21 24.9105
3 0 5 22 24.3184
3 0 5 23 24.0978
3 0 6 0 21.3297
3 0 6 1 20.0648
3 0 6 2 22.8259
3 0 6 3 24.3469
3 0 6 4 19.7685
3 0 6 5 19.844
3 0 6 6 17.7723
3 0 6 7 21.0784
3 0 6 8 21.006
3 0 6 9 23.1233
3 0 6 10 21.2594
3 0 6 11 19.1725
3 0 6 12 18.8047
3 0 6 13 17.6543
3 0 6 14 22.2745
3 0 6 15 20.9565
3 0 6 16 18.9535
3 0 6 17 18.9517
3 0 6 18 19.0709
3 0 6 19 20.4966
3 0 6 20 20.033
3 0 6 21 24.4801
3 0 6 22 19.3823
3 0 6 23 19.5382
3 0 7 0 21.821
3 0 7 1 20.532
3 0 7 2 25.407
3 0 7 3 22.9754
3 0 7 4 22.4434
3 0 7 5 24.078
3 0 7 6 22.5784
3 0 7 7 25.4478
3 0 7 8 19.2254
3 0 7 9 21.4676
3 0 7 10 20.5411
3 0 7 11 21.4209
3 0 7 12 23.7201
3 0 7 13 23.4316
3 0 7 14 24.8742
3 0 7 15 22.5554
3 0 7 16 26.1444
3 0 7 17 25.5922
3 0 7 18 25.157
3 0 7 19 25.4511
3 0 7 20 23.446
3 0 7 21 23.8933
3 0 7 22 24.8724
3 0 7 23 20.7859
3 0 8 0 24.6099
3 0 8 1 24.0575
3 0 8 2 23.4156
3 0 8 3 23.4826
3 0 8 4 24.2707
3 0 8 5 23.8762
3 0 8 6 23.9936
3 0 8 7 23.8156
3 0 8 8 24.0219
3 0 8 9 24.1776
3 0 8 10 23.75
3 0 8 11 24.9124
3 0 8 12 23.0273
3 0 8 13 25.5469
3 0 8 14 24.5765
3 0 8 15 23.1883
3 0 8 16 23.6764
3 0 8 17 25.8829
3 0 8 18 21.88
3 0 8 19 24.9575
3 0 8 20 21.9785
3 0 8 21 21.7899
3 0 8 22 22.2591
3 0 8 23 23.772
3 0 9 0 24.3403
3 0 9 1 23.3664
3 0 9 2 22.9188
3 0 9 3 22.4749
3 0 9 4 23.8744
3 0 9 5 23.7214
3 0 9 6 22.6392
3 0 9 7 24.5221
3 0 9 8 23.4993
3 0 9 9 23.9581
3 0 9 10 23.6486
3 0 9 11 23.8525
3 0 9 12 23.1754
3 0 9 13 22.4271
3 0 9 14 20.8943
3 0 9 15 23.0728
3 0 9 16 23.114
3 0 9 17 25.8152
3 0 9 18 24.2615
3 0 9 19 23.8479
3 0 9 20 25.2124
3 0 9 21 22.9557
3 0 9 22 23.8647
3 0 9 23 24.8762
3 0 10 0 25.5502
3 0 10 1 25.6219
3 0 10 2 25.1042
3 0 10 3 26.4611
3 0 10 4 27.0615
3 0 10 5 27.7191
3 0 10 6 27.2692
3 0 10 7 28.2364
3 0 10 8 25.2364
3 0 10 9 25.8899
3 0 10 10 24.5663
3 0 10 11 25.32
3 0 10 12 24.2279
3 0 10 13 25.6409
3 0 10 14 0
3 0 10 15 23.5488
3 0 10 16 26.3814
3 0 10 17 25.1806
3 0 10 18 24.9423
3 0 10 19 23.3606
3 0 10 20 25.8758
3 0 10 21 25.3678
3 0 10 22 25.6929
3 0 10 23 24.8473
3 1 0 0 22.4443
3 1 0 1 22.6641
3 1 0 2 21.0216
3 1 0 3 22.0926
3 1 0 4 22.3984
3 1 0 5 22.2013
3 1 0 6 22.1962
3 1 0 7 21.9789
3 1 0 8 22.6275
3 1 0 9 21.1473
3 1 0 10 22.2605
3 1 0 11 21.3849
3 1 0 12 22.1387
3 1 0 13 22.4018
3 1 0 14 21.8391
3 1 0 15 22.1395
3 1 0 16 23.4797
3 1 0 17 22.942
3 1 0 18 22.6275
3 1 0 19 22.3634
3 1 0 20 23.855
3 1 0 21 23.385
3 1 0 22 22.1849
3 1 0 23 22.7867
3 1 1 0 22.9173
3 1 1 1 22.6855
3 1 1 2 22.6558
3 1 1 3 23.6431
3 1 1 4 22.4942
3 1 1 5 22.9971
3 1 1 6 22.8089
3 1 1 7 21.452
3 1 1 8 23.6792
3 1 1 9 21.4123
3 1 1 10 21.9315
3 1 1 11 22.7162
3 1 1 12 22.005
3 1 1 13 21.6676
3 1 1 14 23.3128
3 1 1 15 22.8098
3 1 1 16 23.6438
3 1 1 17 22.2457
3 1 1 18 23.9511
3 1 1 19 22.8743
3 1 1 20 24.0188
3 1 1 21 22.6172
3 1 1 22 23.7921
3 1 1 23 23.7039
3 1 2 0 22.4254
3 1 2 1 21.839
3 1 2 2 23.672
3 1 2 3 23.0499
3 1 2 4 23.6228
3 1 2 5 20.0004
3 1 2 6 22.8303
3 1 2 7 19.6526
3 1 2 8 19.2313
3 1 2 9 20.0721
3 1 2 10 22.5346
3 1 2 11 18.1342
3 1 2 12 21.018
3 1 2 13 18.576
3 1 2 14 24.3841
3 1 2 15 21.1191
3 1 2 16 20.3459
3 1 2 17 22.4372
3 1 2 18 22.5859
3 1 2 19 21.9733
3 1 2 20 22.9277
3 1 2 21 22.8759
3 1 2 22 21.4251
3 1 2 23 20.8041
3 1 3 0 23.9122
3 1 3 1 22.193
3 1 3 2 23.5161
3 1 3 3 21.9427
3 1 3 4 21.942
3 1 3 5 23.0646
3 1 3 6 21.4626
3 1 3 7 22.5913
3 1 3 8 23.1912
3 1 3 9 22.0346
3 1 3 10 23.6307
3 1 3 11 23.6442
3 1 3 12 22.2668
3 1 3 13 23.9605
3 1 3 14 22.8504
3 1 3 15 21.7519
3 1 3 16 22.9669
3 1 3 17 21.587
3 1 3 18 22.6925
3 1 3 19 21.8215
3 1 3 20 22.4846
3 1 3 21 22.3582
3 1 3 22 21.2481
3 1 3 23 25.1512
3 1 4 0 23.6975
3 1 4 1 24.2879
3 1 4 2 23.0963
3 1 4 3 23.4416
3 1 4 4 23.9196
3 1 4 5 23.7448
3 1 4 6 21.5108
3 1 4 7 22.7955
3 1 4 8 23.4123
3 1 4 9 21.4835
3 1 4 10 24.1255
3 1 4 11 23.0514
3 1 4 12 20.4752
3 1 4 13 20.7732
3 1 4 14 22.4633
3 1 4 15 21.5989
3 1 4 16 22.7183
3 1 4 17 24.7744
3 1 4 18 23.2926
3 1 4 19 23.6154
3 1 4 20 23.1791
3 1 4 21 22.4833
3 1 4 22 21.7975
3 1 4 23 22.5534
3 1 5 0 22.9857
3 1 5 1 24.3132
3 1 5 2 23.6099
3 1 5 3 22.6885
3 1 5 4 23.2656
3 1 5 5 24.681
3 1 5 6 23.7152
3 1 5 7 22.0019
3 1 5 8 23.5855
3 1 5 9 23.7273
3 1 5 10 24.138
3 1 5 11 22.2073
3 1 5 12 20.8731
3 1 5 13 25.5816
3 1 5 14 23.1087
3 1 5 15 22.413
3 1 5 16 23.0468
3 1 5 17 21.8154
3 1 5 18 22.3496
3 1 5 19 23.9049
3 1 5 20 22.2332
3 1 5 21 24.0691
3 1 5 22 23.8195
3 1 5 23 21.4736
3 1 6 0 22.4016
3 1 6 1 23.5185
3 1 6 2 21.6105
3 1 6 3 23.7676
3 1 6 4 23.5494
3 1 6 5 21.7406
3 1 6 6 22.2546
3 1 6 7 24.4138
3 1 6 8 23.4306
3 1 6 9 24.5461
3 1 6 10 22.5361
3 1 6 11 21.29
3 1 6 12 20.5449
3 1 6 13 21.6468
3 1 6 14 20.7079
3 1 6 15 20.0121
3 1 6 16 23.6825
3 1 6 17 23.9143
3 1 6 18 23.1845
3 1 6 19 19.7531
3 1 6 20 20.8245
3 1 6 21 24.0629
3 1 6 22 23.6425
3 1 6 23 21.9545
3 1 7 0 24.0659
3 1 7 1 26.8321
3 1 7 2 23.9566
3 1 7 3 24.2527
3 1 7 4 25.3682
3 1 7 5 23.7365
3 1 7 6 23.4924
3 1 7 7 23.3262
3 1 7 8 23.7653
3 1 7 9 24.9498
3 1 7 10 23.0169
3 1 7 11 21.9428
3 1 7 12 25.268
3 1 7 13 25.5432
3 1 7 14 26.2852
3 1 7 15 25.8954
3 1 7 16 25.2155
3 1 7 17 25.4264
3 1 7 18 24.5837
3 1 7 19 26.0847
3 1 7 20 25.7339
3 1 7 21 24.578
3 1 7 22 22.2646
3 1 7 23 20.5751
3 1 8 0 24.4957
3 1 8 1 25.0084
3 1 8 2 22.8474
3 1 8 3 24.9878
3 1 8 4 22.0816
3 1 8 5 24.8785
3 1 8 6 24.3713
3 1 8 7 25.4362
3 1 8 8 25.3176
3 1 8 9 24.8309
3 1 8 10 24.8885
3 1 8 11 22.3322
3 1 8 12 21.6102
3 1 8 13 22.5652
3 1 8 14 24.1332
3 1 8 15 22.0979
3 1 8 16 24.1494
3 1 8 17 22.8228
3 1 8 18 23.865
3 1 8 19 25.3627
3 1 8 20 24.9468
3 1 8 21 24.5985
3 1 8 22 25.3081
3 1 8 23 25.9298
3 1 9 0 22.26
3 1 9 1 22.2646
3 1 9 2 21.6265
3 1 9 3 21.2757
3 1 9 4 23.1825
3 1 9 5 22.1052
3 1 9 6 21.8621
3 1 9 7 21.0372
3 1 9 8 21.482
3 1 9 9 22.8399
3 1 9 10 23.5325
3 1 9 11 23.2119
3 1 9 12 23.1884
3 1 9 13 23.2281
3 1 9 14 24.5979
3 1 9 15 22.4331
3 1 9 16 18.5627
3 1 9 17 24.1448
3 1 9 18 25.997
3 1 9 19 24.2688
3 1 9 20 22.0838
3 1 9 21 22.9697
3 1 9 22 21.5074
3 1 9 23 24.3715
3 1 10 0 22.3484
3 1 10 1 23.6823
3 1 10 2 23.0652
3 1 10 3 23.6333
3 1 10 4 22.4682
3 1 10 5 22.3809
3 1 10 6 21.9765
3 1 10 7 22.2929
3 1 10 8 23.5134
3 1 10 9 23.3635
3 1 10 10 23.3386
3 1 10 11 24.8638
3 1 10 12 23.1076
3 1 10 13 22.1963
3 1 10 14 23.2736
3 1 10 15 22.6293
3 1 10 16 24.132
3 1 10 17 24.3342
3 1 10 18 22.5869
3 1 10 19 23.8739
3 1 10 20 25.0151
3 1 10 21 23.1518
3 1 10 22 24.5871
3 1 10 23 23.6241
