4 0 0 0 24.5529
4 0 0 1 24.4647
4 0 0 2 24.3668
4 0 0 3 24.7289
4 0 0 4 24.6406
4 0 0 5 24.2967
4 0 0 6 25.0791
4 0 0 7 19.391
4 0 0 8 22.7654
4 0 0 9 23.4468
4 0 0 10 22.9957
4 0 0 11 23.3289
4 0 0 12 24.2991
4 0 0 13 22.9831
4 0 0 14 22.6086
4 0 0 15 23.6538
4 0 0 16 23.5786
4 0 0 17 24.0762
4 0 0 18 22.3609
4 0 0 19 23.1344
4 0 0 20 21.5727
4 0 0 21 21.589
4 0 0 22 20.9543
4 0 0 23 24.4848
4 0 1 0 25.3329
4 0 1 1 23.6365
4 0 1 2 24.6688
4 0 1 3 24.1035
4 0 1 4 25.5504
4 0 1 5 22.3113
4 0 1 6 24.4837
4 0 1 7 25.5615
4 0 1 8 24.7517
4 0 1 9 23.0788
4 0 1 10 22.7434
4 0 1 11 23.4661
4 0 1 12 27.0303
4 0 1 13 24.3572
4 0 1 14 25.6266
4 0 1 15 21.504
4 0 1 16 25.2074
4 0 1 17 25.7078
4 0 1 18 23.2008
4 0 1 19 25.2479
4 0 1 20 26.0926
4 0 1 21 24.5925
4 0 1 22 25.4237
4 0 1 23 24.4726
4 0 2 0 22.8774
4 0 2 1 21.6632
4 0 2 2 23.6494
4 0 2 3 24.2186
4 0 2 4 25.6063
4 0 2 5 24.9929
4 0 2 6 26.6686
4 0 2 7 24.2788
4 0 2 8 24.9261
4 0 2 9 24.3188
4 0 2 10 24.5028
4 0 2 11 23.6081
4 0 2 12 23.7689
4 0 2 13 23.8945
4 0 2 14 25.0486
4 0 2 15 23.8736
4 0 2 16 23.3514
4 0 2 17 23.664
4 0 2 18 23.8343
4 0 2 19 23.5344
4 0 2 20 24.3622
4 0 2 21 24.3325
4 0 2 22 23.4798
4 0 2 23 24.2671
4 0 3 0 23.7985
4 0 3 1 25.1139
4 0 3 2 26.328
4 0 3 3 26.0654
4 0 3 4 22.3892
4 0 3 5 25.8583
4 0 3 6 23.8988
4 0 3 7 23.0758
4 0 3 8 25.5141
4 0 3 9 24.7015
4 0 3 10 25.7873
4 0 3 11 25.2425
4 0 3 12 25.9708
4 0 3 13 26.2193
4 0 3 14 26.1336
4 0 3 15 26.594
4 0 3 16 25.184
4 0 3 17 23.9949
4 0 3 18 25.325
4 0 3 19 25.5314
4 0 3 20 26.3402
4 0 3 21 25.6809
4 0 3 22 24.624
4 0 3 23 25.5262
4 0 4 0 23.7832
4 0 4 1 23.9754
4 0 4 2 23.0284
4 0 4 3 23.9488
4 0 4 4 24.3073
4 0 4 5 24.3428
4 0 4 6 24.7736
4 0 4 7 25.2782
4 0 4 8 24.6722
4 0 4 9 24.3283
4 0 4 10 23.5105
4 0 4 11 23.9134
4 0 4 12 23.4166
4 0 4 13 24.5346
4 0 4 14 25.2507
4 0 4 15 25.194
4 0 4 16 23.7573
4 0 4 17 24.4654
4 0 4 18 23.9875
4 0 4 19 22.1752
4 0 4 20 24.2285
4 0 4 21 24.0547
4 0 4 22 24.4362
4 0 4 23 23.4442
4 0 5 0 23.2548
4 0 5 1 24.0877
4 0 5 2 23.9255
4 0 5 3 23.8183
4 0 5 4 23.1524
4 0 5 5 23.618
4 0 5 6 22.018
4 0 5 7 24.5123
4 0 5 8 24.7023
4 0 5 9 25.8102
4 0 5 10 25.0028
4 0 5 11 25.5247
4 0 5 12 25.3552
4 0 5 13 25.1309
4 0 5 14 22.585
4 0 5 15 24.7213
4 0 5 16 24.6114
4 0 5 17 26.441
4 0 5 18 25.0282
4 0 5 19 25.4809
4 0 5 20 25.1837
4 0 5 21 23.7712
4 0 5 22 26.1588
4 0 5 23 25.9009
4 0 6 0 24.3084
4 0 6 1 25.1081
4 0 6 2 24.3998
4 0 6 3 23.4316
4 0 6 4 23.5225
4 0 6 5 22.6743
4 0 6 6 24.8917
4 0 6 7 26.6812
4 0 6 8 26.1
4 0 6 9 26.0498
4 0 6 10 23.734
4 0 6 11 25.4603
4 0 6 12 24.563
4 0 6 13 25.4511
4 0 6 14 25.6819
4 0 6 15 25.9318
4 0 6 16 25.4606
4 0 6 17 25.5982
4 0 6 18 25.2859
4 0 6 19 26.278
4 0 6 20 26.8065
4 0 6 21 25.6763
4 0 6 22 25.0024
4 0 6 23 22.7955
4 0 7 0 22.4733
4 0 7 1 21.5476
4 0 7 2 21.6746
4 0 7 3 25.1056
4 0 7 4 24.1889
4 0 7 5 22.9345
4 0 7 6 24.0791
4 0 7 7 20.149
4 0 7 8 22.5791
4 0 7 9 23.3707
4 0 7 10 23.3297
4 0 7 11 22.7497
4 0 7 12 23.6811
4 0 7 13 22.8164
4 0 7 14 24.7764
4 0 7 15 23.3494
4 0 7 16 22.3604
4 0 7 17 24.0697
4 0 7 18 25.4667
4 0 7 19 24.3033
4 0 7 20 23.6869
4 0 7 21 23.3744
4 0 7 22 24.4031
4 0 7 23 24.7925
4 0 8 0 21.7529
4 0 8 1 24.0742
4 0 8 2 19.6935
4 0 8 3 23.906
4 0 8 4 24.501
4 0 8 5 24.2311
4 0 8 6 24.6997
4 0 8 7 22.4449
4 0 8 8 24.3916
4 0 8 9 25.2999
4 0 8 10 24.4637
4 0 8 11 25.821
4 0 8 12 24.5635
4 0 8 13 24.2092
4 0 8 14 25.7484
4 0 8 15 24.7367
4 0 8 16 24.403
4 0 8 17 24.4394
4 0 8 18 25.2951
4 0 8 19 25.7223
4 0 8 20 23.9498
4 0 8 21 23.3867
4 0 8 22 24.5242
4 0 8 23 24.4723
4 0 9 0 23.3889
4 0 9 1 25.0244
4 0 9 2 26.4439
4 0 9 3 25.8898
4 0 9 4 25.5576
4 0 9 5 26.2873
4 0 9 6 26.6536
4 0 9 7 26.0324
4 0 9 8 25.5867
4 0 9 9 25.418
4 0 9 10 25.6417
4 0 9 11 25.4148
4 0 9 12 25.7672
4 0 9 13 24.8469
4 0 9 14 24.9013
4 0 9 15 24.7797
4 0 9 16 25.5292
4 0 9 17 25.295
4 0 9 18 26.0302
4 0 9 19 25.2108
4 0 9 20 26.9822
4 0 9 21 25.2861
4 0 9 22 25.1192
4 0 9 23 24.0996
4 0 10 0 20.2744
4 0 10 1 23.6556
4 0 10 2 22.827
4 0 10 3 21.2673
4 0 10 4 20.5871
4 0 10 5 24.5471
4 0 10 6 22.299
4 0 10 7 23.5282
4 0 10 8 23.5414
4 0 10 9 20.8862
4 0 10 10 22.5864
4 0 10 11 22.9398
4 0 10 12 20.494
4 0 10 13 22.9832
4 0 10 14 21.5117
4 0 10 15 24.2353
4 0 10 16 22.9481
4 0 10 17 22.893
4 0 10 18 24.2118
4 0 10 19 22.6925
4 0 10 20 21.691
4 0 10 21 23.019
4 0 10 22 22.2493
4 0 10 23 23.5741
4 1 0 0 24.107
4 1 0 1 23.8009
4 1 0 2 22.513
4 1 0 3 22.7226
4 1 0 4 24.2755
4 1 0 5 24.3012
4 1 0 6 23.7862
4 1 0 7 23.5251
4 1 0 8 22.6827
4 1 0 9 21.3663
4 1 0 10 22.0259
4 1 0 11 22.7027
4 1 0 12 20.6891
4 1 0 13 21.7485
4 1 0 14 22.221
4 1 0 15 0
4 1 0 16 21.418
4 1 0 17 21.9602
4 1 0 18 21.7169
4 1 0 19 22.681
4 1 0 20 22.9153
4 1 0 21 21.8927
4 1 0 22 21.6543
4 1 0 23 21.9731
4 1 1 0 22.584
4 1 1 1 24.5948
4 1 1 2 22.0517
4 1 1 3 25.4026
4 1 1 4 25.0655
4 1 1 5 24.2052
4 1 1 6 22.8219
4 1 1 7 25.3362
4 1 1 8 22.574
4 1 1 9 25.0363
4 1 1 10 24.9303
4 1 1 11 24.2733
4 1 1 12 22.6583
4 1 1 13 24.9469
4 1 1 14 23.5158
4 1 1 15 24.3889
4 1 1 16 22.6108
4 1 1 17 24.8141
4 1 1 18 24.4234
4 1 1 19 25.492
4 1 1 20 25.0689
4 1 1 21 24.5327
4 1 1 22 22.6275
4 1 1 23 25.2702
4 1 2 0 24.6487
4 1 2 1 26.5862
4 1 2 2 25.9348
4 1 2 3 26.9338
4 1 2 4 24.9985
4 1 2 5 25.9024
4 1 2 6 27.0948
4 1 2 7 25.6562
4 1 2 8 24.1215
4 1 2 9 25.1052
4 1 2 10 25.2781
4 1 2 11 25.6054
4 1 2 12 23.761
4 1 2 13 24.5417
4 1 2 14 24.7258
4 1 2 15 25.0513
4 1 2 16 25.6705
4 1 2 17 25.5926
4 1 2 18 25.1521
4 1 2 19 25.3687
4 1 2 20 22.0542
4 1 2 21 23.3684
4 1 2 22 23.3298
4 1 2 23 22.964
4 1 3 0 25.9469
4 1 3 1 25.8802
4 1 3 2 22.0316
4 1 3 3 24.9448
4 1 3 4 26.7229
4 1 3 5 26.8934
4 1 3 6 25.6919
4 1 3 7 25.4862
4 1 3 8 25.7148
4 1 3 9 23.9452
4 1 3 10 25.4999
4 1 3 11 25.024
4 1 3 12 23.7807
4 1 3 13 23.242
4 1 3 14 24.938
4 1 3 15 24.2497
4 1 3 16 21.8527
4 1 3 17 23.667
4 1 3 18 24.0394
4 1 3 19 26.2477
4 1 3 20 25.526
4 1 3 21 25.5259
4 1 3 22 25.5186
4 1 3 23 23.7667
4 1 4 0 25.404
4 1 4 1 24.7017
4 1 4 2 24.4308
4 1 4 3 23.887
4 1 4 4 26.3393
4 1 4 5 24.9233
4 1 4 6 24.9008
4 1 4 7 26.2901
4 1 4 8 25.3547
4 1 4 9 23.5916
4 1 4 10 24.8411
4 1 4 11 24.4083
4 1 4 12 24.4013
4 1 4 13 24.1542
4 1 4 14 0
4 1 4 15 24.2907
4 1 4 16 25.8257
4 1 4 17 25.6422
4 1 4 18 24.5839
4 1 4 19 24.082
4 1 4 20 26.3689
4 1 4 21 25.9911
4 1 4 22 25.9507
4 1 4 23 25.4117
4 1 5 0 24.4295
4 1 5 1 22.7165
4 1 5 2 24.4021
4 1 5 3 25.3593
4 1 5 4 25.8114
4 1 5 5 23.473
4 1 5 6 22.9466
4 1 5 7 24.1712
4 1 5 8 23.5178
4 1 5 9 23.4855
4 1 5 10 24.3262
4 1 5 11 22.3326
4 1 5 12 22.9123
4 1 5 13 25.6154
4 1 5 14 24.1766
4 1 5 15 23.0543
4 1 5 16 23.7349
4 1 5 17 25.9608
4 1 5 18 25.7642
4 1 5 19 22.7262
4 1 5 20 24.5085
4 1 5 21 23.7528
4 1 5 22 24.2171
4 1 5 23 24.234
4 1 6 0 25.602
4 1 6 1 23.6897
4 1 6 2 24.5273
4 1 6 3 24.3211
4 1 6 4 25.9316
4 1 6 5 24.6545
4 1 6 6 26.0639
4 1 6 7 25.4039
4 1 6 8 24.0034
4 1 6 9 24.271
4 1 6 10 24.273
4 1 6 11 23.9643
4 1 6 12 23.7865
4 1 6 13 23.8915
4 1 6 14 23.7931
4 1 6 15 23.8467
4 1 6 16 26.8232
4 1 6 17 25.6639
4 1 6 18 26.031
4 1 6 19 25.928
4 1 6 20 23.2365
4 1 6 21 24.3714
4 1 6 22 25.2359
4 1 6 23 23.4602
4 1 7 0 22.831
4 1 7 1 24.7334
4 1 7 2 24.6283
4 1 7 3 27.3164
4 1 7 4 25.9147
4 1 7 5 24.4906
4 1 7 6 23.5055
4 1 7 7 24.8129
4 1 7 8 23.9699
4 1 7 9 23.4777
4 1 7 10 22.2849
4 1 7 11 21.5278
4 1 7 12 23.415
4 1 7 13 24.5159
4 1 7 14 23.2648
4 1 7 15 24.1163
4 1 7 16 23.5357
4 1 7 17 24.8726
4 1 7 18 24.5602
4 1 7 19 24.1103
4 1 7 20 25.2978
4 1 7 21 0
4 1 7 22 23.5065
4 1 7 23 23.655
4 1 8 0 23.5087
4 1 8 1 22.696
4 1 8 2 23.1056
4 1 8 3 23.7138
4 1 8 4 23.004
4 1 8 5 24.2414
4 1 8 6 22.8955
4 1 8 7 21.1546
4 1 8 8 21.6419
4 1 8 9 23.8794
4 1 8 10 22.5529
4 1 8 11 23.1693
4 1 8 12 22.8605
4 1 8 13 25.0051
4 1 8 14 23.323
4 1 8 15 25.5064
4 1 8 16 21.9544
4 1 8 17 24.5967
4 1 8 18 23.5071
4 1 8 19 24.7521
4 1 8 20 23.7926
4 1 8 21 24.2974
4 1 8 22 19.4997
4 1 8 23 24.6333
4 1 9 0 27.1891
4 1 9 1 21.6937
4 1 9 2 21.9646
4 1 9 3 23.4091
4 1 9 4 24.2892
4 1 9 5 23.92
4 1 9 6 26.8357
4 1 9 7 22.5698
4 1 9 8 24.0485
4 1 9 9 24.5829
4 1 9 10 25.9339
4 1 9 11 25.8443
4 1 9 12 23.5433
4 1 9 13 25.4918
4 1 9 14 24.8543
4 1 9 15 26.3261
4 1 9 16 26.8121
4 1 9 17 23.2894
4 1 9 18 24.7351
4 1 9 19 23.7024
4 1 9 20 24.3784
4 1 9 21 23.6518
4 1 9 22 23.8161
4 1 9 23 24.0914
4 1 10 0 24.2618
4 1 10 1 22.8047
4 1 10 2 21.2401
4 1 10 3 23.5591
4 1 10 4 24.3149
4 1 10 5 24.4016
4 1 10 6 23.6249
4 1 10 7 24.2366
4 1 10 8 22.4377
4 1 10 9 0
4 1 10 10 23.4081
4 1 10 11 22.3049
4 1 10 12 22.9391
4 1 10 13 23.5601
4 1 10 14 24.0607
4 1 10 15 23.2764
4 1 10 16 22.5026
4 1 10 17 24.3561
4 1 10 18 22.7006
4 1 10 19 24.6077
4 1 10 20 24.0496
4 1 10 21 24.3059
4 1 10 22 21.3092
4 1 10 23 24.9705
