16 0 0 0 21.2196
16 0 0 1 21.4467
16 0 0 2 20.566
16 0 0 3 20.8896
16 0 0 4 20.7831
16 0 0 5 21.1712
16 0 0 6 20.777
16 0 0 7 21.196
16 0 0 8 20.9761
16 0 0 9 21.3839
16 0 0 10 20.6162
16 0 0 11 20.7656
16 0 0 12 21.109
16 0 0 13 20.7537
16 0 0 14 20.6223
16 0 0 15 21.0322
16 0 0 16 21.192
16 0 0 17 21.2152
16 0 0 18 20.6831
16 0 0 19 21.171
16 0 0 20 21.0049
16 0 0 21 20.7828
16 0 0 22 20.9017
16 0 0 23 21.0972
16 0 1 0 22.1511
16 0 1 1 21.8124
16 0 1 2 21.6282
16 0 1 3 21.7767
16 0 1 4 21.9277
16 0 1 5 21.4542
16 0 1 6 21.908
16 0 1 7 21.7706
16 0 1 8 41.4682
16 0 1 9 40.25
16 0 1 10 40.4929
16 0 1 11 40.5529
16 0 1 12 39.0718
16 0 1 13 40.4883
16 0 1 14 41.2563
16 0 1 15 41.2285
16 0 1 16 41.8071
16 0 1 17 39.184
16 0 1 18 41.6768
16 0 1 19 41.3608
16 0 1 20 40.1867
16 0 1 21 41.3681
16 0 1 22 40.9781
16 0 1 23 41.3126
16 0 1 24 21.0371
16 0 1 25 21.4085
16 0 1 26 21.986
16 0 1 27 21.4728
16 0 1 28 21.7438
16 0 1 29 21.9677
16 0 1 30 21.4656
16 0 1 31 22.0143
16 0 2 0 22.3268
16 0 2 1 22.4595
16 0 2 2 22.1179
16 0 2 3 21.9065
16 0 2 4 21.6966
16 0 2 5 22.1957
16 0 2 6 22.0546
16 0 2 7 22.1462
16 0 2 8 40.8625
16 0 2 9 40.2837
16 0 2 10 40.1882
16 0 2 11 40.5665
16 0 2 12 40.5742
16 0 2 13 40.839
16 0 2 14 41.6962
16 0 2 15 40.2342
16 0 2 16 42.1889
16 0 2 17 40.971
16 0 2 18 40.7747
16 0 2 19 40.6166
16 0 2 20 40.6287
16 0 2 21 40.6886
16 0 2 22 41.687
16 0 2 23 41.0681
16 0 2 24 22.0142
16 0 2 25 21.5597
16 0 2 26 22.4619
16 0 2 27 21.864
16 0 2 28 21.6855
16 0 2 29 22.3294
16 0 2 30 22.3141
16 0 2 31 22.7189
16 0 3 0 22.8517
16 0 3 1 22.8341
16 0 3 2 22.1386
16 0 3 3 22.0194
16 0 3 4 21.9047
16 0 3 5 22.6184
16 0 3 6 21.4698
16 0 3 7 22.0225
16 0 3 8 41.0025
16 0 3 9 41.5536
16 0 3 10 41.8238
16 0 3 11 40.4766
16 0 3 12 41.1635
16 0 3 13 41.1319
16 0 3 14 41.5325
16 0 3 15 40.9462
16 0 3 16 40.168
16 0 3 17 41.1506
16 0 3 18 40.8995
16 0 3 19 40.8573
16 0 3 20 40.9195
16 0 3 21 41.1656
16 0 3 22 41.6331
16 0 3 23 39.3162
16 0 3 24 22.4697
16 0 3 25 21.5695
16 0 3 26 22.5391
16 0 3 27 22.0105
16 0 3 28 21.6782
16 0 3 29 21.4264
16 0 3 30 22.1265
16 0 3 31 22.9122
16 0 4 0 22.3934
16 0 4 1 22.5937
16 0 4 2 21.4952
16 0 4 3 22.4078
16 0 4 4 22.4156
16 0 4 5 22.0741
16 0 4 6 21.9291
16 0 4 7 21.8798
16 0 4 8 41.5435
16 0 4 9 40.5074
16 0 4 10 40.816
16 0 4 11 41.0258
16 0 4 12 41.9478
16 0 4 13 41.1678
16 0 4 14 41.2502
16 0 4 15 42.5267
16 0 4 16 40.3671
16 0 4 17 41.0674
16 0 4 18 41.0675
16 0 4 19 39.7027
16 0 4 20 42.0151
16 0 4 21 40.5373
16 0 4 22 41.0914
16 0 4 23 40.4931
16 0 4 24 21.7391
16 0 4 25 21.595
16 0 4 26 22.3479
16 0 4 27 22.2333
16 0 4 28 22.1869
16 0 4 29 22.169
16 0 4 30 22.2586
16 0 4 31 22.6765
16 0 5 0 22.6073
16 0 5 1 22.7514
16 0 5 2 22.202
16 0 5 3 21.9455
16 0 5 4 22.2274
16 0 5 5 21.7815
16 0 5 6 22.0122
16 0 5 7 22.5165
16 0 5 8 41.4699
16 0 5 9 42.8306
16 0 5 10 41.317
16 0 5 11 40.1868
16 0 5 12 40.8837
16 0 5 13 41.1295
16 0 5 14 40.5867
16 0 5 15 40.2486
16 0 5 16 41.6586
16 0 5 17 41.6077
16 0 5 18 41.899
16 0 5 19 41.4423
16 0 5 20 40.7872
16 0 5 21 41.4805
16 0 5 22 41.4513
16 0 5 23 40.3856
16 0 5 24 21.7942
16 0 5 25 21.8167
16 0 5 26 21.8413
16 0 5 27 22.8433
16 0 5 28 22.8508
16 0 5 29 22.1447
16 0 5 30 22.2748
16 0 5 31 21.9567
16 0 6 0 22.0555
16 0 6 1 22.4276
16 0 6 2 22.4046
16 0 6 3 22.0652
16 0 6 4 22.3834
16 0 6 5 21.7864
16 0 6 6 22.6247
16 0 6 7 22.0101
16 0 6 8 41.5575
16 0 6 9 41.3459
16 0 6 10 40.8803
16 0 6 11 41.3175
16 0 6 12 41.4272
16 0 6 13 41.4917
16 0 6 14 39.5682
16 0 6 15 41.4468
16 0 6 16 39.9842
16 0 6 17 40.9307
16 0 6 18 39.3474
16 0 6 19 42.1125
16 0 6 20 40.0286
16 0 6 21 41.1589
16 0 6 22 43.593
16 0 6 23 41.2486
16 0 6 24 21.7825
16 0 6 25 22.1014
16 0 6 26 22.1687
16 0 6 27 22.8028
16 0 6 28 22.3254
16 0 6 29 22.431
16 0 6 30 22.5687
16 0 6 31 21.5408
16 0 7 0 21.7799
16 0 7 1 22.8956
16 0 7 2 22.4825
16 0 7 3 22.5984
16 0 7 4 22.3884
16 0 7 5 21.7711
16 0 7 6 22.075
16 0 7 7 21.6175
16 0 7 8 42.4603
16 0 7 9 40.569
16 0 7 10 41.6691
16 0 7 11 40.3202
16 0 7 12 41.6724
16 0 7 13 41.6352
16 0 7 14 40.2826
16 0 7 15 40.07
16 0 7 16 40.4525
16 0 7 17 40.2454
16 0 7 18 41.7078
16 0 7 19 41.8984
16 0 7 20 41.1106
16 0 7 21 40.8796
16 0 7 22 41.8729
16 0 7 23 41.4723
16 0 7 24 21.8969
16 0 7 25 22.4382
16 0 7 26 21.5641
16 0 7 27 22.3432
16 0 7 28 22.707
16 0 7 29 22.3296
16 0 7 30 21.9245
16 0 7 31 22.5588
16 0 8 0 21.9925
16 0 8 1 22.2665
16 0 8 2 22.2122
16 0 8 3 21.8153
16 0 8 4 22.0558
16 0 8 5 22.1
16 0 8 6 22.7359
16 0 8 7 22.6471
16 0 8 8 41.1394
16 0 8 9 41.5114
16 0 8 10 40.5191
16 0 8 11 40.9444
16 0 8 12 41.57
16 0 8 13 41.561
16 0 8 14 40.824
16 0 8 15 40.3916
16 0 8 16 42.357
16 0 8 17 41.1592
16 0 8 18 41.5813
16 0 8 19 40.9979
16 0 8 20 41.6788
16 0 8 21 41.5249
16 0 8 22 40.568
16 0 8 23 42.6721
16 0 8 24 21.5802
16 0 8 25 22.0357
16 0 8 26 22.3702
16 0 8 27 22.7393
16 0 8 28 22.5327
16 0 8 29 22.0937
16 0 8 30 22.7936
16 0 8 31 22.7938
16 0 9 0 22.1069
16 0 9 1 22.1573
16 0 9 2 21.8799
16 0 9 3 21.8186
16 0 9 4 21.8673
16 0 9 5 21.8324
16 0 9 6 22.3326
16 0 9 7 22.3352
16 0 9 8 42.3038
16 0 9 9 41.2222
16 0 9 10 40.6256
16 0 9 11 42.9652
16 0 9 12 42.3331
16 0 9 13 42.0998
16 0 9 14 40.8971
16 0 9 15 40.6852
16 0 9 16 40.8628
16 0 9 17 40.5476
16 0 9 18 42.7049
16 0 9 19 40.9296
16 0 9 20 41.3696
16 0 9 21 41.4362
16 0 9 22 39.8955
16 0 9 23 42.4576
16 0 9 24 21.7542
16 0 9 25 21.5176
16 0 9 26 22.0816
16 0 9 27 22.4073
16 0 9 28 22.2781
16 0 9 29 21.9466
16 0 9 30 21.7822
16 0 9 31 23.2653
16 0 10 0 21.7716
16 0 10 1 22.7575
16 0 10 2 21.3811
16 0 10 3 21.7348
16 0 10 4 22.3354
16 0 10 5 21.7805
16 0 10 6 23.2195
16 0 10 7 22.1616
16 0 10 8 41.0931
16 0 10 9 41.1997
16 0 10 10 41.2992
16 0 10 11 41.7405
16 0 10 12 40.6438
16 0 10 13 41.8851
16 0 10 14 41.5691
16 0 10 15 41.6344
16 0 10 16 40.5438
16 0 10 17 41.7049
16 0 10 18 40.9901
16 0 10 19 41.6201
16 0 10 20 39.959
16 0 10 21 40.0057
16 0 10 22 41.2552
16 0 10 23 40.338
16 0 10 24 21.7246
16 0 10 25 21.996
16 0 10 26 23.4336
16 0 10 27 22.7565
16 0 10 28 21.5815
16 0 10 29 22.4274
16 0 10 30 21.8052
16 0 10 31 23.616
16 0 11 0 21.8981
16 0 11 1 22.1558
16 0 11 2 21.7628
16 0 11 3 22.3446
16 0 11 4 22.4342
16 0 11 5 22.125
16 0 11 6 22.3487
16 0 11 7 21.8209
16 0 11 8 41.1593
16 0 11 9 41.774
16 0 11 10 41.2209
16 0 11 11 41.2456
16 0 11 12 40.323
16 0 11 13 41.6888
16 0 11 14 41.0857
16 0 11 15 42.4469
16 0 11 16 39.8053
16 0 11 17 40.9437
16 0 11 18 41.7586
16 0 11 19 42.0461
16 0 11 20 41.0054
16 0 11 21 40.4765
16 0 11 22 41.3293
16 0 11 23 41.4522
16 0 11 24 22.7206
16 0 11 25 21.884
16 0 11 26 22.3274
16 0 11 27 22.1885
16 0 11 28 22.5141
16 0 11 29 21.9576
16 0 11 30 22.3614
16 0 11 31 23.7445
16 0 12 0 22.129
16 0 12 1 22.1043
16 0 12 2 21.9172
16 0 12 3 21.8555
16 0 12 4 21.9948
16 0 12 5 22.441
16 0 12 6 22.6495
16 0 12 7 23.4752
16 0 12 8 40.1373
16 0 12 9 41.5501
16 0 12 10 41.6984
16 0 12 11 43.4145
16 0 12 12 41.5033
16 0 12 13 40.8874
16 0 12 14 41.2874
16 0 12 15 40.3667
16 0 12 16 40.3447
16 0 12 17 41.3972
16 0 12 18 40.6939
16 0 12 19 42.9173
16 0 12 20 40.6936
16 0 12 21 41.3552
16 0 12 22 41.5784
16 0 12 23 41.4891
16 0 12 24 21.4721
16 0 12 25 21.2018
16 0 12 26 22.1458
16 0 12 27 21.8005
16 0 12 28 22.8085
16 0 12 29 22.5825
16 0 12 30 22.084
16 0 12 31 22.486
16 0 13 0 21.17
16 0 13 1 21.771
16 0 13 2 21.5978
16 0 13 3 21.6876
16 0 13 4 22.7447
16 0 13 5 22.0481
16 0 13 6 21.7062
16 0 13 7 21.9222
16 0 13 8 40.9665
16 0 13 9 41.6488
16 0 13 10 39.211
16 0 13 11 42.0655
16 0 13 12 41.2633
16 0 13 13 41.2261
16 0 13 14 40.7494
16 0 13 15 41.302
16 0 13 16 42.451
16 0 13 17 41.3377
16 0 13 18 41.5325
16 0 13 19 41.7916
16 0 13 20 40.8201
16 0 13 21 40.6815
16 0 13 22 41.8934
16 0 13 23 40.8846
16 0 13 24 21.2609
16 0 13 25 22.2189
16 0 13 26 22.0435
16 0 13 27 21.6523
16 0 13 28 22.7691
16 0 13 29 22.1647
16 0 13 30 21.8974
16 0 13 31 22.8634
16 0 14 0 0
16 0 14 1 21.552
16 0 14 2 22.1664
16 0 14 3 21.9851
16 0 14 4 21.9747
16 0 14 5 22.0083
16 0 14 6 21.6736
16 0 14 7 21.2399
16 0 14 8 42.6039
16 0 14 9 39.9298
16 0 14 10 43.7078
16 0 14 11 42.3721
16 0 14 12 42.1507
16 0 14 13 40.4803
16 0 14 14 41.6338
16 0 14 15 42.0374
16 0 14 16 40.3887
16 0 14 17 41.9492
16 0 14 18 41.1252
16 0 14 19 41.7888
16 0 14 20 41.8691
16 0 14 21 40.9181
16 0 14 22 40.9195
16 0 14 23 40.6449
16 0 14 24 22.5502
16 0 14 25 22.5728
16 0 14 26 22.6876
16 0 14 27 21.4542
16 0 14 28 22.5776
16 0 14 29 23.0469
16 0 14 30 22.1254
16 0 14 31 23.439
16 0 15 0 22.1014
16 0 15 1 22.2412
16 0 15 2 22.3791
16 0 15 3 22.1383
16 0 15 4 21.6204
16 0 15 5 21.7408
16 0 15 6 22.1828
16 0 15 7 22.9602
16 0 15 8 42.8626
16 0 15 9 40.8746
16 0 15 10 42.1183
16 0 15 11 41.1814
16 0 15 12 41.0465
16 0 15 13 41.9102
16 0 15 14 41.3551
16 0 15 15 42.6447
16 0 15 16 43.034
16 0 15 17 41.5534
16 0 15 18 42.1481
16 0 15 19 42.3185
16 0 15 20 41.7865
16 0 15 21 42.7789
16 0 15 22 41.8608
16 0 15 23 41.1643
16 0 15 24 22.6137
16 0 15 25 22.3698
16 0 15 26 22.3003
16 0 15 27 22.0319
16 0 15 28 22.5133
16 0 15 29 22.4112
16 0 15 30 22.4271
16 0 15 31 21.3244
16 0 16 0 22.7988
16 0 16 1 22.6273
16 0 16 2 21.8885
16 0 16 3 22.4208
16 0 16 4 21.4573
16 0 16 5 22.1212
16 0 16 6 22.0485
16 0 16 7 21.9669
16 0 16 8 41.7475
16 0 16 9 41.6745
16 0 16 10 41.6729
16 0 16 11 40.8145
16 0 16 12 41.9638
16 0 16 13 41.4391
16 0 16 14 41.8123
16 0 16 15 40.677
16 0 16 16 41.9105
16 0 16 17 41.3362
16 0 16 18 42.5619
16 0 16 19 42.5517
16 0 16 20 41.3358
16 0 16 21 40.487
16 0 16 22 41.7526
16 0 16 23 40.7305
16 0 16 24 22.3482
16 0 16 25 21.0769
16 0 16 26 22.1283
16 0 16 27 21.703
16 0 16 28 22.5621
16 0 16 29 22.0462
16 0 16 30 23.6601
16 0 16 31 22.3611
16 0 17 0 22.0477
16 0 17 1 20.9519
16 0 17 2 21.5922
16 0 17 3 21.9988
16 0 17 4 22.4069
16 0 17 5 22.5015
16 0 17 6 22.0525
16 0 17 7 22.695
16 0 17 8 42.457
16 0 17 9 42.0397
16 0 17 10 41.4814
16 0 17 11 40.5851
16 0 17 12 42.1565
16 0 17 13 42.9479
16 0 17 14 41.8851
16 0 17 15 43.4919
16 0 17 16 41.3426
16 0 17 17 41.8545
16 0 17 18 42.0463
16 0 17 19 42.0089
16 0 17 20 42.3039
16 0 17 21 42.6069
16 0 17 22 42.0412
16 0 17 23 42.0061
16 0 17 24 22.4056
16 0 17 25 22.0696
16 0 17 26 22.2558
16 0 17 27 21.8952
16 0 17 28 22.0889
16 0 17 29 22.5625
16 0 17 30 23.0708
16 0 17 31 21.512
16 1 0 0 21.7074
16 1 0 1 21.7141
16 1 0 2 21.781
16 1 0 3 22.0166
16 1 0 4 22.3861
16 1 0 5 21.2134
16 1 0 6 22.2308
16 1 0 7 22.0187
16 1 0 8 21.8415
16 1 0 9 21.4598
16 1 0 10 21.903
16 1 0 11 21.3865
16 1 0 12 21.3183
16 1 0 13 22.0505
16 1 0 14 22.04
16 1 0 15 21.5347
16 1 0 16 21.6622
16 1 0 17 22.066
16 1 0 18 21.8113
16 1 0 19 22.593
16 1 0 20 22.3397
16 1 0 21 22.2159
16 1 0 22 21.9081
16 1 0 23 21.3569
16 1 1 0 22.5541
16 1 1 1 22.3381
16 1 1 2 22.0697
16 1 1 3 22.6882
16 1 1 4 22.1504
16 1 1 5 22.1436
16 1 1 6 21.9833
16 1 1 7 22.3353
16 1 1 8 41.1585
16 1 1 9 41.782
16 1 1 10 41.4775
16 1 1 11 41.382
16 1 1 12 40.2469
16 1 1 13 40.8097
16 1 1 14 40.4399
16 1 1 15 40.7441
16 1 1 16 40.5666
16 1 1 17 39.5147
16 1 1 18 39.8265
16 1 1 19 41.6387
16 1 1 20 41.5582
16 1 1 21 41.7659
16 1 1 22 40.5668
16 1 1 23 41.2884
16 1 1 24 21.6885
16 1 1 25 22.3118
16 1 1 26 22.0717
16 1 1 27 21.9956
16 1 1 28 22.0546
16 1 1 29 22.051
16 1 1 30 22.386
16 1 1 31 22.7185
16 1 2 0 22.9415
16 1 2 1 22.5765
16 1 2 2 22.1561
16 1 2 3 22.5473
16 1 2 4 22.3503
16 1 2 5 22.1707
16 1 2 6 21.6721
16 1 2 7 22.5666
16 1 2 8 40.78
16 1 2 9 40.9685
16 1 2 10 40.5452
16 1 2 11 40.6499
16 1 2 12 40.7043
16 1 2 13 40.1205
16 1 2 14 41.2306
16 1 2 15 41.8003
16 1 2 16 41.0007
16 1 2 17 39.9112
16 1 2 18 40.2643
16 1 2 19 41.1699
16 1 2 20 42.1598
16 1 2 21 40.6889
16 1 2 22 41.5387
16 1 2 23 41.8811
16 1 2 24 22.1701
16 1 2 25 21.7893
16 1 2 26 22.1458
16 1 2 27 22.3184
16 1 2 28 22.7575
16 1 2 29 21.9109
16 1 2 30 22.323
16 1 2 31 22.4019
16 1 3 0 22.3573
16 1 3 1 22.9355
16 1 3 2 22.1675
16 1 3 3 22.8221
16 1 3 4 22.1955
16 1 3 5 22.302
16 1 3 6 21.1504
16 1 3 7 22.1212
16 1 3 8 40.3423
16 1 3 9 40.7087
16 1 3 10 40.3355
16 1 3 11 41.366
16 1 3 12 40.9386
16 1 3 13 41.0824
16 1 3 14 41.7345
16 1 3 15 40.5212
16 1 3 16 40.8731
16 1 3 17 41.7699
16 1 3 18 40.9188
16 1 3 19 40.2727
16 1 3 20 40.701
16 1 3 21 41.1271
16 1 3 22 39.8376
16 1 3 23 40.2534
16 1 3 24 21.865
16 1 3 25 21.7592
16 1 3 26 22.5984
16 1 3 27 22.3145
16 1 3 28 22.3399
16 1 3 29 22.227
16 1 3 30 23.0178
16 1 3 31 22.5778
16 1 4 0 21.9339
16 1 4 1 22.8908
16 1 4 2 22.7553
16 1 4 3 22.5729
16 1 4 4 22.6413
16 1 4 5 22.7706
16 1 4 6 22.2739
16 1 4 7 21.892
16 1 4 8 40.8926
16 1 4 9 40.8444
16 1 4 10 40.9598
16 1 4 11 41.4786
16 1 4 12 39.9898
16 1 4 13 40.9747
16 1 4 14 42.7637
16 1 4 15 43.7977
16 1 4 16 41.1834
16 1 4 17 39.5157
16 1 4 18 40.3698
16 1 4 19 41.0207
16 1 4 20 40.8372
16 1 4 21 40.6099
16 1 4 22 42.3501
16 1 4 23 41.1638
16 1 4 24 22.1321
16 1 4 25 22.1679
16 1 4 26 22.4549
16 1 4 27 22.5272
16 1 4 28 23.0628
16 1 4 29 22.8067
16 1 4 30 21.8251
16 1 4 31 23.1714
16 1 5 0 21.58
16 1 5 1 22.8007
16 1 5 2 22.8368
16 1 5 3 22.4224
16 1 5 4 21.7932
16 1 5 5 22.3194
16 1 5 6 21.9913
16 1 5 7 22.1175
16 1 5 8 40.9848
16 1 5 9 40.0451
16 1 5 10 39.9475
16 1 5 11 40.2251
16 1 5 12 41.5337
16 1 5 13 41.1421
16 1 5 14 40.9628
16 1 5 15 41.5986
16 1 5 16 41.0718
16 1 5 17 39.3326
16 1 5 18 42.1475
16 1 5 19 40.9136
16 1 5 20 40.3974
16 1 5 21 40.7983
16 1 5 22 40.7712
16 1 5 23 40.1236
16 1 5 24 22.1039
16 1 5 25 22.0922
16 1 5 26 21.6873
16 1 5 27 21.8446
16 1 5 28 22.811
16 1 5 29 21.8126
16 1 5 30 22.3139
16 1 5 31 22.6107
16 1 6 0 22.6475
16 1 6 1 22.1322
16 1 6 2 22.9142
16 1 6 3 22.8077
16 1 6 4 22.6002
16 1 6 5 22.1989
16 1 6 6 21.8738
16 1 6 7 22.2484
16 1 6 8 40.2662
16 1 6 9 39.7067
16 1 6 10 39.7654
16 1 6 11 40.6669
16 1 6 12 41.9999
16 1 6 13 40.2269
16 1 6 14 41.4711
16 1 6 15 41.8796
16 1 6 16 40.709
16 1 6 17 40.5573
16 1 6 18 40.8423
16 1 6 19 41.4826
16 1 6 20 40.9075
16 1 6 21 40.7466
16 1 6 22 40.6984
16 1 6 23 41.5739
16 1 6 24 21.6029
16 1 6 25 22.039
16 1 6 26 22.6922
16 1 6 27 21.8742
16 1 6 28 22.2612
16 1 6 29 22.1852
16 1 6 30 22.8655
16 1 6 31 21.5553
16 1 7 0 22.3332
16 1 7 1 22.7633
16 1 7 2 21.9957
16 1 7 3 21.9801
16 1 7 4 22.9006
16 1 7 5 21.9006
16 1 7 6 21.6394
16 1 7 7 21.8547
16 1 7 8 41.147
16 1 7 9 40.178
16 1 7 10 40.2397
16 1 7 11 41.6548
16 1 7 12 40.9695
16 1 7 13 39.7407
16 1 7 14 41.5751
16 1 7 15 41.2756
16 1 7 16 40.8165
16 1 7 17 40.9908
16 1 7 18 41.604
16 1 7 19 40.1248
16 1 7 20 41.776
16 1 7 21 39.8954
16 1 7 22 40.5798
16 1 7 23 39.7247
16 1 7 24 22.0699
16 1 7 25 21.7031
16 1 7 26 21.848
16 1 7 27 22.3637
16 1 7 28 22.0261
16 1 7 29 21.9473
16 1 7 30 21.1806
16 1 7 31 22.7854
16 1 8 0 22.043
16 1 8 1 21.3721
16 1 8 2 22.6736
16 1 8 3 22.1108
16 1 8 4 23.2348
16 1 8 5 22.1365
16 1 8 6 21.9505
16 1 8 7 22.0882
16 1 8 8 41.032
16 1 8 9 41.1959
16 1 8 10 42.5055
16 1 8 11 41.2328
16 1 8 12 40.7329
16 1 8 13 40.1972
16 1 8 14 40.9926
16 1 8 15 40.6094
16 1 8 16 40.3494
16 1 8 17 39.1283
16 1 8 18 40.8527
16 1 8 19 40.8024
16 1 8 20 41.6272
16 1 8 21 39.6885
16 1 8 22 41.9095
16 1 8 23 40.9812
16 1 8 24 21.7256
16 1 8 25 22.7418
16 1 8 26 21.5814
16 1 8 27 21.867
16 1 8 28 21.961
16 1 8 29 22.3449
16 1 8 30 22.6917
16 1 8 31 22.234
16 1 9 0 22.1922
16 1 9 1 21.8101
16 1 9 2 22.3723
16 1 9 3 21.9601
16 1 9 4 22.157
16 1 9 5 21.9702
16 1 9 6 21.4598
16 1 9 7 22.5144
16 1 9 8 43.063
16 1 9 9 41.541
16 1 9 10 40.484
16 1 9 11 41.1183
16 1 9 12 40.7651
16 1 9 13 40.9825
16 1 9 14 40.8256
16 1 9 15 39.6026
16 1 9 16 41.4793
16 1 9 17 40.3646
16 1 9 18 40.6412
16 1 9 19 41.2221
16 1 9 20 43.1946
16 1 9 21 0
16 1 9 22 42.5103
16 1 9 23 40.8838
16 1 9 24 21.6475
16 1 9 25 22.0492
16 1 9 26 22.3463
16 1 9 27 21.9031
16 1 9 28 21.833
16 1 9 29 22.4661
16 1 9 30 22.126
16 1 9 31 22.0917
16 1 10 0 22.3999
16 1 10 1 21.9659
16 1 10 2 21.2294
16 1 10 3 22.7662
16 1 10 4 22.3421
16 1 10 5 22.0037
16 1 10 6 21.4805
16 1 10 7 21.6946
16 1 10 8 40.013
16 1 10 9 42.4234
16 1 10 10 40.8386
16 1 10 11 40.8151
16 1 10 12 41.3571
16 1 10 13 41.2713
16 1 10 14 41.1873
16 1 10 15 40.826
16 1 10 16 41.6522
16 1 10 17 41.1165
16 1 10 18 40.3444
16 1 10 19 40.9774
16 1 10 20 41.7442
16 1 10 21 40.7318
16 1 10 22 41.5662
16 1 10 23 40.14
16 1 10 24 21.8991
16 1 10 25 22.0629
16 1 10 26 22.1129
16 1 10 27 21.8675
16 1 10 28 22.0402
16 1 10 29 22.5826
16 1 10 30 22.2383
16 1 10 31 22.6596
16 1 11 0 21.8867
16 1 11 1 22.2632
16 1 11 2 22.0982
16 1 11 3 22.3709
16 1 11 4 21.9458
16 1 11 5 22.1384
16 1 11 6 21.2329
16 1 11 7 22.0431
16 1 11 8 42.134
16 1 11 9 41.8381
16 1 11 10 42.0042
16 1 11 11 41.695
16 1 11 12 40.3521
16 1 11 13 41.4442
16 1 11 14 41.7502
16 1 11 15 41.4374
16 1 11 16 41.2803
16 1 11 17 39.9054
16 1 11 18 40.3167
16 1 11 19 41.7478
16 1 11 20 40.8893
16 1 11 21 39.6452
16 1 11 22 39.8098
16 1 11 23 40.4526
16 1 11 24 22.0301
16 1 11 25 22.6635
16 1 11 26 22.0723
16 1 11 27 21.6265
16 1 11 28 21.8537
16 1 11 29 22.2016
16 1 11 30 22.6313
16 1 11 31 21.9573
16 1 12 0 21.2821
16 1 12 1 21.8007
16 1 12 2 21.8687
16 1 12 3 21.5245
16 1 12 4 22.6398
16 1 12 5 22.0593
16 1 12 6 21.6761
16 1 12 7 21.5664
16 1 12 8 41.9754
16 1 12 9 42.0193
16 1 12 10 40.4605
16 1 12 11 41.4398
16 1 12 12 40.7698
16 1 12 13 42.1304
16 1 12 14 40.4251
16 1 12 15 39.6093
16 1 12 16 41.7259
16 1 12 17 40.1584
16 1 12 18 40.9318
16 1 12 19 41.3767
16 1 12 20 42.0664
16 1 12 21 42.0596
16 1 12 22 42.9537
16 1 12 23 42.0676
16 1 12 24 21.9484
16 1 12 25 21.92
16 1 12 26 22.2678
16 1 12 27 21.8124
16 1 12 28 22.103
16 1 12 29 21.826
16 1 12 30 21.3604
16 1 12 31 22.1078
16 1 13 0 21.6208
16 1 13 1 21.9851
16 1 13 2 22.9536
16 1 13 3 21.9682
16 1 13 4 21.4328
16 1 13 5 21.256
16 1 13 6 21.7629
16 1 13 7 21.8726
16 1 13 8 39.5186
16 1 13 9 41.1383
16 1 13 10 41.8025
16 1 13 11 41.741
16 1 13 12 41.8149
16 1 13 13 40.3591
16 1 13 14 40.5758
16 1 13 15 41.1165
16 1 13 16 41.9602
16 1 13 17 40.1287
16 1 13 18 40.7614
16 1 13 19 39.7304
16 1 13 20 42.2964
16 1 13 21 40.5028
16 1 13 22 40.5764
16 1 13 23 40.9591
16 1 13 24 22.1927
16 1 13 25 21.9993
16 1 13 26 21.443
16 1 13 27 21.8224
16 1 13 28 22.1524
16 1 13 29 22.1465
16 1 13 30 21.6992
16 1 13 31 22.5263
16 1 14 0 21.96
16 1 14 1 21.5938
16 1 14 2 23.0174
16 1 14 3 22.3421
16 1 14 4 22.0861
16 1 14 5 21.9641
16 1 14 6 21.0703
16 1 14 7 21.8361
16 1 14 8 41.4554
16 1 14 9 42.8106
16 1 14 10 40.2537
16 1 14 11 40.5072
16 1 14 12 41.5294
16 1 14 13 41.1968
16 1 14 14 40.3637
16 1 14 15 40.4433
16 1 14 16 41.3038
16 1 14 17 40.9677
16 1 14 18 40.7354
16 1 14 19 41.7121
16 1 14 20 41.2326
16 1 14 21 39.7098
16 1 14 22 40.408
16 1 14 23 41.6088
16 1 14 24 21.9935
16 1 14 25 22.4145
16 1 14 26 21.5964
16 1 14 27 22.0592
16 1 14 28 22.2135
16 1 14 29 22.0305
16 1 14 30 22.1433
16 1 14 31 22.1005
16 1 15 0 22.451
16 1 15 1 21.715
16 1 15 2 22.0625
16 1 15 3 21.8162
16 1 15 4 22.4476
16 1 15 5 21.9698
16 1 15 6 20.6341
16 1 15 7 21.5175
16 1 15 8 41.7986
16 1 15 9 40.4677
16 1 15 10 41.6284
16 1 15 11 41.88
16 1 15 12 41.5819
16 1 15 13 39.8383
16 1 15 14 40.8073
16 1 15 15 41.1741
16 1 15 16 41.3451
16 1 15 17 41.0935
16 1 15 18 41.167
16 1 15 19 41.9078
16 1 15 20 41.5384
16 1 15 21 41.0781
16 1 15 22 42.3419
16 1 15 23 41.9478
16 1 15 24 21.9724
16 1 15 25 22.3401
16 1 15 26 22.3011
16 1 15 27 21.5215
16 1 15 28 22.6928
16 1 15 29 22.0912
16 1 15 30 22.3206
16 1 15 31 22.1869
16 1 16 0 23.3804
16 1 16 1 21.9894
16 1 16 2 22.0977
16 1 16 3 21.5391
16 1 16 4 21.8854
16 1 16 5 21.1267
16 1 16 6 21.4013
16 1 16 7 21.888
16 1 16 8 42.078
16 1 16 9 41.964
16 1 16 10 41.0714
16 1 16 11 41.0363
16 1 16 12 41.4204
16 1 16 13 41.5551
16 1 16 14 41.8463
16 1 16 15 41.6878
16 1 16 16 40.3855
16 1 16 17 42.2239
16 1 16 18 40.9685
16 1 16 19 41.125
16 1 16 20 42.5035
16 1 16 21 42.2585
16 1 16 22 40.4875
16 1 16 23 41.6703
16 1 16 24 22.425
16 1 16 25 22.2039
16 1 16 26 21.7485
16 1 16 27 23.0278
16 1 16 28 21.8406
16 1 16 29 21.8512
16 1 16 30 22.0546
16 1 16 31 21.9668
16 1 17 0 22.1525
16 1 17 1 22.1911
16 1 17 2 22.4946
16 1 17 3 22.0727
16 1 17 4 22.0649
16 1 17 5 21.5071
16 1 17 6 22.2355
16 1 17 7 21.7094
16 1 17 8 41.9593
16 1 17 9 41.9866
16 1 17 10 42.28
16 1 17 11 41.5358
16 1 17 12 41.2888
16 1 17 13 41.8442
16 1 17 14 40.7527
16 1 17 15 40.9902
16 1 17 16 40.2487
16 1 17 17 41.9331
16 1 17 18 40.3464
16 1 17 19 41.6907
16 1 17 20 41.1053
16 1 17 21 42.719
16 1 17 22 40.5396
16 1 17 23 39.589
16 1 17 24 22.5457
16 1 17 25 21.9335
16 1 17 26 21.5942
16 1 17 27 22.3187
16 1 17 28 21.9437
16 1 17 29 22.0508
16 1 17 30 20.9321
16 1 17 31 22.7428
