16 0 0 0 21.3871
16 0 0 1 17.8603
16 0 0 2 20.8244
16 0 0 3 19.1025
16 0 0 4 21.2889
16 0 0 5 18.5385
16 0 0 6 20.6802
16 0 0 7 20.8394
16 0 0 8 21.0595
16 0 0 9 16.7904
16 0 0 10 19.6224
16 0 0 11 18.7104
16 0 0 12 23.3592
16 0 0 13 19.2524
16 0 0 14 19.678
16 0 0 15 23.3867
16 0 0 16 22.4435
16 0 0 17 22.8801
16 0 0 18 20.0474
16 0 0 19 16.0984
16 0 0 20 18.2151
16 0 0 21 20.1703
16 0 0 22 21.2712
16 0 0 23 17.232
16 0 1 0 19.6455
16 0 1 1 23.2061
16 0 1 2 23.2903
16 0 1 3 18.6873
16 0 1 4 20.0295
16 0 1 5 17.6474
16 0 1 6 21.9354
16 0 1 7 21.1157
16 0 1 8 39.214
16 0 1 9 41.5657
16 0 1 10 42.8147
16 0 1 11 39.221
16 0 1 12 39.4425
16 0 1 13 40.5394
16 0 1 14 32.9956
16 0 1 15 39.7105
16 0 1 16 38.6859
16 0 1 17 38.7068
16 0 1 18 39.0879
16 0 1 19 38.085
16 0 1 20 41.1086
16 0 1 21 40.2231
16 0 1 22 43.3529
16 0 1 23 38.8591
16 0 1 24 22.1279
16 0 1 25 22.0631
16 0 1 26 23.3871
16 0 1 27 17.9415
16 0 1 28 23.8017
16 0 1 29 20.3578
16 0 1 30 20.5726
16 0 1 31 21.1503
16 0 2 0 21.4325
16 0 2 1 18.2998
16 0 2 2 23.4801
16 0 2 3 19.2186
16 0 2 4 20.5053
16 0 2 5 17.3453
16 0 2 6 19.3347
16 0 2 7 22.1808
16 0 2 8 43.7714
16 0 2 9 38.1072
16 0 2 10 41.9253
16 0 2 11 40.0856
16 0 2 12 39.6279
16 0 2 13 38.0489
16 0 2 14 42.0816
16 0 2 15 39.5002
16 0 2 16 43.5843
16 0 2 17 41.6909
16 0 2 18 43.2206
16 0 2 19 37.3845
16 0 2 20 38.4723
16 0 2 21 41.2626
16 0 2 22 44.9454
16 0 2 23 42.5105
16 0 2 24 24.1357
16 0 2 25 22.0503
16 0 2 26 20.3976
16 0 2 27 22.9097
16 0 2 28 23.2074
16 0 2 29 23.1946
16 0 2 30 24.3975
16 0 2 31 20.0066
16 0 3 0 18.0846
16 0 3 1 19.6776
16 0 3 2 24.1491
16 0 3 3 19.7159
16 0 3 4 26.6841
16 0 3 5 23.6777
16 0 3 6 24.3737
16 0 3 7 18.9277
16 0 3 8 43.0039
16 0 3 9 40.9625
16 0 3 10 38.0904
16 0 3 11 41.8947
16 0 3 12 38.5446
16 0 3 13 38.4429
16 0 3 14 37.061
16 0 3 15 35.0786
16 0 3 16 37.4041
16 0 3 17 41.7078
16 0 3 18 43.596
16 0 3 19 41.4111
16 0 3 20 36.8003
16 0 3 21 39.6581
16 0 3 22 39.3666
16 0 3 23 36.9515
16 0 3 24 22.8626
16 0 3 25 20.3294
16 0 3 26 23.9055
16 0 3 27 24.4035
16 0 3 28 21.1727
16 0 3 29 18.086
16 0 3 30 23.1367
16 0 3 31 17.1741
16 0 4 0 25.9807
16 0 4 1 20.7822
16 0 4 2 20.281
16 0 4 3 21.4474
16 0 4 4 20.5797
16 0 4 5 18.3045
16 0 4 6 23.8877
16 0 4 7 24.2462
16 0 4 8 39.3609
16 0 4 9 40.5515
16 0 4 10 42.5043
16 0 4 11 40.1401
16 0 4 12 40.6253
16 0 4 13 45.8016
16 0 4 14 41.6835
16 0 4 15 37.9366
16 0 4 16 39.9708
16 0 4 17 40.1714
16 0 4 18 40.9803
16 0 4 19 43.3347
16 0 4 20 38.8834
16 0 4 21 42.9523
16 0 4 22 44.0593
16 0 4 23 40.3779
16 0 4 24 25.6356
16 0 4 25 22.0184
16 0 4 26 22.0435
16 0 4 27 21.9755
16 0 4 28 21.4027
16 0 4 29 22.0185
16 0 4 30 22.9185
16 0 4 31 24.0016
16 0 5 0 21.8226
16 0 5 1 25.2269
16 0 5 2 21.7991
16 0 5 3 21.4913
16 0 5 4 20.6778
16 0 5 5 20.8506
16 0 5 6 22.0172
16 0 5 7 21.1032
16 0 5 8 40.0185
16 0 5 9 38.851
16 0 5 10 41.0125
16 0 5 11 39.7453
16 0 5 12 41.7338
16 0 5 13 40.2257
16 0 5 14 39.1482
16 0 5 15 37.259
16 0 5 16 39.8758
16 0 5 17 38.93
16 0 5 18 40.6057
16 0 5 19 41.4086
16 0 5 20 38.8973
16 0 5 21 39.3493
16 0 5 22 39.919
16 0 5 23 38.1275
16 0 5 24 24.4764
16 0 5 25 21.4801
16 0 5 26 19.539
16 0 5 27 19.0704
16 0 5 28 20.5447
16 0 5 29 19.0196
16 0 5 30 20.1165
16 0 5 31 20.3079
16 0 6 0 23.2301
16 0 6 1 24.7584
16 0 6 2 23.8341
16 0 6 3 23.0507
16 0 6 4 22.6259
16 0 6 5 24.5813
16 0 6 6 21.5769
16 0 6 7 21.6764
16 0 6 8 39.956
16 0 6 9 41.1846
16 0 6 10 43.213
16 0 6 11 38.6389
16 0 6 12 43.4719
16 0 6 13 40.9385
16 0 6 14 45.914
16 0 6 15 40.5244
16 0 6 16 40.8877
16 0 6 17 41.8507
16 0 6 18 42.2754
16 0 6 19 40.9168
16 0 6 20 43.6922
16 0 6 21 44.1531
16 0 6 22 42.6612
16 0 6 23 40.6638
16 0 6 24 23.1523
16 0 6 25 23.7147
16 0 6 26 22.5892
16 0 6 27 23.5298
16 0 6 28 23.4369
16 0 6 29 22.4334
16 0 6 30 22.9691
16 0 6 31 22.7979
16 0 7 0 22.5946
16 0 7 1 24.1357
16 0 7 2 24.6834
16 0 7 3 23.3186
16 0 7 4 22.0689
16 0 7 5 20.8924
16 0 7 6 23.3396
16 0 7 7 23.1547
16 0 7 8 42.001
16 0 7 9 40.3139
16 0 7 10 42.4295
16 0 7 11 39.6888
16 0 7 12 42.1687
16 0 7 13 41.4115
16 0 7 14 40.277
16 0 7 15 41.8254
16 0 7 16 41.0166
16 0 7 17 39.2349
16 0 7 18 41.9736
16 0 7 19 41.7344
16 0 7 20 43.5307
16 0 7 21 39.4042
16 0 7 22 39.7166
16 0 7 23 39.6083
16 0 7 24 23.7915
16 0 7 25 23.5459
16 0 7 26 22.9127
16 0 7 27 23.3805
16 0 7 28 23.22
16 0 7 29 22.2222
16 0 7 30 23.4866
16 0 7 31 23.0426
16 0 8 0 21.7077
16 0 8 1 25.5994
16 0 8 2 22.5041
16 0 8 3 20.6545
16 0 8 4 24.6373
16 0 8 5 21.6678
16 0 8 6 21.8774
16 0 8 7 24.6828
16 0 8 8 43.938
16 0 8 9 44.4658
16 0 8 10 42.9615
16 0 8 11 45.5669
16 0 8 12 43.2125
16 0 8 13 40.4711
16 0 8 14 45.2043
16 0 8 15 44.9911
16 0 8 16 41.0983
16 0 8 17 46.3073
16 0 8 18 48.5508
16 0 8 19 44.1865
16 0 8 20 42.6578
16 0 8 21 43.9729
16 0 8 22 42.9802
16 0 8 23 44.1087
16 0 8 24 22.8417
16 0 8 25 22.0301
16 0 8 26 21.9456
16 0 8 27 21.6394
16 0 8 28 23.3695
16 0 8 29 24.7896
16 0 8 30 24.7918
16 0 8 31 24.2967
16 0 9 0 24.4982
16 0 9 1 24.2562
16 0 9 2 22.5475
16 0 9 3 25.9262
16 0 9 4 24.467
16 0 9 5 25.1018
16 0 9 6 23.2545
16 0 9 7 25.6595
16 0 9 8 42.2225
16 0 9 9 44.6232
16 0 9 10 43.998
16 0 9 11 42.0381
16 0 9 12 44.212
16 0 9 13 43.4594
16 0 9 14 42.4092
16 0 9 15 41.1412
16 0 9 16 44.6762
16 0 9 17 43.6884
16 0 9 18 46.9341
16 0 9 19 41.3369
16 0 9 20 41.6985
16 0 9 21 40.7527
16 0 9 22 41.9073
16 0 9 23 40.654
16 0 9 24 22.5989
16 0 9 25 21.4019
16 0 9 26 21.9865
16 0 9 27 20.8751
16 0 9 28 21.7121
16 0 9 29 24.3015
16 0 9 30 24.7023
16 0 9 31 24.3844
16 0 10 0 22.5206
16 0 10 1 20.8306
16 0 10 2 19.9898
16 0 10 3 24.5987
16 0 10 4 23.6956
16 0 10 5 23.3804
16 0 10 6 23.853
16 0 10 7 22.3132
16 0 10 8 43.8404
16 0 10 9 41.9619
16 0 10 10 42.3854
16 0 10 11 38.4283
16 0 10 12 46.1028
16 0 10 13 46.8801
16 0 10 14 43.8523
16 0 10 15 42.4472
16 0 10 16 42.6652
16 0 10 17 42.3419
16 0 10 18 41.7048
16 0 10 19 42.8888
16 0 10 20 40.204
16 0 10 21 43.1228
16 0 10 22 42.541
16 0 10 23 38.1109
16 0 10 24 21.4347
16 0 10 25 21.4974
16 0 10 26 23.6776
16 0 10 27 22.4755
16 0 10 28 21.9445
16 0 10 29 21.9097
16 0 10 30 22.6734
16 0 10 31 23.6413
16 0 11 0 24.4731
16 0 11 1 20.7484
16 0 11 2 22.6932
16 0 11 3 19.4726
16 0 11 4 21.4425
16 0 11 5 18.7045
16 0 11 6 23.5441
16 0 11 7 21.2753
16 0 11 8 44.2813
16 0 11 9 40.3117
16 0 11 10 41.0462
16 0 11 11 38.1731
16 0 11 12 42.1106
16 0 11 13 42.9035
16 0 11 14 39.3708
16 0 11 15 35.5879
16 0 11 16 42.9697
16 0 11 17 38.2994
16 0 11 18 39.1799
16 0 11 19 40.0367
16 0 11 20 40.8037
16 0 11 21 40.6868
16 0 11 22 41.5951
16 0 11 23 40.2588
16 0 11 24 25.2622
16 0 11 25 19.8073
16 0 11 26 24.7617
16 0 11 27 20.8858
16 0 11 28 20.6288
16 0 11 29 22.9039
16 0 11 30 25.0642
16 0 11 31 24.3087
16 0 12 0 23.5254
16 0 12 1 23.5431
16 0 12 2 21.973
16 0 12 3 22.9187
16 0 12 4 22.1127
16 0 12 5 17.8069
16 0 12 6 22.9869
16 0 12 7 17.3186
16 0 12 8 40.5234
16 0 12 9 44.5596
16 0 12 10 41.5742
16 0 12 11 40.7505
16 0 12 12 42.3224
16 0 12 13 44.0097
16 0 12 14 41.533
16 0 12 15 39.3122
16 0 12 16 41.7546
16 0 12 17 42.2603
16 0 12 18 38.2935
16 0 12 19 42.0436
16 0 12 20 43.0592
16 0 12 21 40.8482
16 0 12 22 41.4151
16 0 12 23 42.386
16 0 12 24 21.1896
16 0 12 25 18.9549
16 0 12 26 22.0205
16 0 12 27 22.6241
16 0 12 28 22.3439
16 0 12 29 23.7662
16 0 12 30 21.0163
16 0 12 31 21.2003
16 0 13 0 24.6612
16 0 13 1 23.7955
16 0 13 2 26.6033
16 0 13 3 22.2971
16 0 13 4 22.3612
16 0 13 5 26.211
16 0 13 6 23.0267
16 0 13 7 24.8822
16 0 13 8 41.7422
16 0 13 9 42.0559
16 0 13 10 44.2652
16 0 13 11 42.2727
16 0 13 12 42.8569
16 0 13 13 40.6352
16 0 13 14 45.9633
16 0 13 15 39.2977
16 0 13 16 46.0428
16 0 13 17 41.2782
16 0 13 18 43.5789
16 0 13 19 40.4847
16 0 13 20 43.7395
16 0 13 21 45.1187
16 0 13 22 42.1974
16 0 13 23 39.8709
16 0 13 24 24.9599
16 0 13 25 21.7349
16 0 13 26 24.0157
16 0 13 27 19.0004
16 0 13 28 23.1463
16 0 13 29 22.3483
16 0 13 30 25.0173
16 0 13 31 21.9552
16 0 14 0 0
16 0 14 1 24.2949
16 0 14 2 23.6677
16 0 14 3 24.7941
16 0 14 4 20.909
16 0 14 5 25.2131
16 0 14 6 22.1293
16 0 14 7 20.1317
16 0 14 8 45.4834
16 0 14 9 44.687
16 0 14 10 45.7787
16 0 14 11 43.6318
16 0 14 12 44.6276
16 0 14 13 38.8985
16 0 14 14 43.5151
16 0 14 15 42.9059
16 0 14 16 40.2685
16 0 14 17 40.2797
16 0 14 18 47.6232
16 0 14 19 43.3367
16 0 14 20 44.1525
16 0 14 21 43.2512
16 0 14 22 45.2788
16 0 14 23 44.116
16 0 14 24 24.2873
16 0 14 25 23.5415
16 0 14 26 22.7235
16 0 14 27 21.5661
16 0 14 28 26.4849
16 0 14 29 25.0438
16 0 14 30 22.9421
16 0 14 31 23.5682
16 0 15 0 21.7529
16 0 15 1 24.6781
16 0 15 2 24.222
16 0 15 3 24.4952
16 0 15 4 23.2524
16 0 15 5 21.606
16 0 15 6 23.7154
16 0 15 7 19.6969
16 0 15 8 41.7089
16 0 15 9 38.0827
16 0 15 10 43.3705
16 0 15 11 42.6974
16 0 15 12 41.1827
16 0 15 13 43.3428
16 0 15 14 42.7114
16 0 15 15 45.1552
16 0 15 16 44.1177
16 0 15 17 39.6236
16 0 15 18 43.3514
16 0 15 19 42.6249
16 0 15 20 43.5363
16 0 15 21 42.9718
16 0 15 22 43.927
16 0 15 23 43.1703
16 0 15 24 22.1191
16 0 15 25 23.3884
16 0 15 26 20.6105
16 0 15 27 23.1671
16 0 15 28 25.664
16 0 15 29 24.2428
16 0 15 30 22.0417
16 0 15 31 23.5325
16 0 16 0 21.7322
16 0 16 1 23.7649
16 0 16 2 24.5781
16 0 16 3 23.0587
16 0 16 4 24.7641
16 0 16 5 21.7217
16 0 16 6 23.5658
16 0 16 7 23.8219
16 0 16 8 43.6258
16 0 16 9 43.7106
16 0 16 10 42.9997
16 0 16 11 40.2803
16 0 16 12 43.4471
16 0 16 13 40.7236
16 0 16 14 45.05
16 0 16 15 41.2046
16 0 16 16 44.5373
16 0 16 17 39.1493
16 0 16 18 37.0312
16 0 16 19 44.1614
16 0 16 20 41.607
16 0 16 21 44.3474
16 0 16 22 44.404
16 0 16 23 46.5309
16 0 16 24 21.1143
16 0 16 25 23.319
16 0 16 26 23.1481
16 0 16 27 23.2108
16 0 16 28 18.2256
16 0 16 29 23.6337
16 0 16 30 23.111
16 0 16 31 18.7307
16 0 17 0 19.8242
16 0 17 1 19.8585
16 0 17 2 19.6882
16 0 17 3 20.8724
16 0 17 4 24.0685
16 0 17 5 20.6428
16 0 17 6 24.4586
16 0 17 7 22.2459
16 0 17 8 42.4433
16 0 17 9 39.242
16 0 17 10 39.8621
16 0 17 11 41.1103
16 0 17 12 36.7538
16 0 17 13 40.2496
16 0 17 14 37.8347
16 0 17 15 41.8015
16 0 17 16 40.8797
16 0 17 17 34.3217
16 0 17 18 39.466
16 0 17 19 39.6505
16 0 17 20 38.1453
16 0 17 21 36.3008
16 0 17 22 39.3666
16 0 17 23 40.3393
16 0 17 24 21.825
16 0 17 25 19.6739
16 0 17 26 21.209
16 0 17 27 20.9351
16 0 17 28 18.6572
16 0 17 29 25.0997
16 0 17 30 20.6179
16 0 17 31 24.7499
16 1 0 0 17.3042
16 1 0 1 18.4802
16 1 0 2 19.966
16 1 0 3 17.8114
16 1 0 4 20.8536
16 1 0 5 18.4146
16 1 0 6 21.4678
16 1 0 7 20.6131
16 1 0 8 20.1436
16 1 0 9 22.3043
16 1 0 10 20.2543
16 1 0 11 22.1482
16 1 0 12 23.1529
16 1 0 13 17.3597
16 1 0 14 23.6354
16 1 0 15 19.2782
16 1 0 16 18.7442
16 1 0 17 19.3005
16 1 0 18 19.9274
16 1 0 19 22.158
16 1 0 20 18.7877
16 1 0 21 18.164
16 1 0 22 21.1823
16 1 0 23 18.8474
16 1 1 0 24.67
16 1 1 1 24.7016
16 1 1 2 24.7669
16 1 1 3 24.7001
16 1 1 4 18.2177
16 1 1 5 21.5432
16 1 1 6 22.4543
16 1 1 7 23.945
16 1 1 8 42.6374
16 1 1 9 42.0465
16 1 1 10 41.1492
16 1 1 11 41.8075
16 1 1 12 37.7023
16 1 1 13 36.9675
16 1 1 14 40.9329
16 1 1 15 44.1577
16 1 1 16 43.4052
16 1 1 17 43.2887
16 1 1 18 41.2479
16 1 1 19 42.7123
16 1 1 20 40.6436
16 1 1 21 43.2054
16 1 1 22 41.4985
16 1 1 23 39.433
16 1 1 24 21.2128
16 1 1 25 20.118
16 1 1 26 18.8988
16 1 1 27 23.8757
16 1 1 28 24.1072
16 1 1 29 23.2626
16 1 1 30 23.4724
16 1 1 31 21.2764
16 1 2 0 21.6121
16 1 2 1 22.1105
16 1 2 2 22.1037
16 1 2 3 23.9281
16 1 2 4 20.2371
16 1 2 5 23.6925
16 1 2 6 22.2649
16 1 2 7 21.3833
16 1 2 8 43.5338
16 1 2 9 40.5315
16 1 2 10 36.8629
16 1 2 11 43.7943
16 1 2 12 42.578
16 1 2 13 39.7201
16 1 2 14 41.1337
16 1 2 15 44.452
16 1 2 16 39.8183
16 1 2 17 40.2487
16 1 2 18 37.5896
16 1 2 19 44.8032
16 1 2 20 43.2249
16 1 2 21 42.2293
16 1 2 22 43.2104
16 1 2 23 38.8393
16 1 2 24 25.1891
16 1 2 25 21.33
16 1 2 26 21.689
16 1 2 27 24.1741
16 1 2 28 22.643
16 1 2 29 23.6641
16 1 2 30 22.7223
16 1 2 31 25.0232
16 1 3 0 24.5459
16 1 3 1 24.3746
16 1 3 2 23.2473
16 1 3 3 23.8793
16 1 3 4 23.438
16 1 3 5 23.0898
16 1 3 6 22.2519
16 1 3 7 21.3764
16 1 3 8 40.9953
16 1 3 9 42.8199
16 1 3 10 39.9904
16 1 3 11 43.3992
16 1 3 12 42.4747
16 1 3 13 42.5088
16 1 3 14 41.9274
16 1 3 15 43.6013
16 1 3 16 41.2137
16 1 3 17 43.4138
16 1 3 18 39.1617
16 1 3 19 43.4908
16 1 3 20 40.2487
16 1 3 21 43.6911
16 1 3 22 43.4559
16 1 3 23 43.1382
16 1 3 24 23.0512
16 1 3 25 22.4191
16 1 3 26 20.6266
16 1 3 27 23.1021
16 1 3 28 24.0952
16 1 3 29 22.0226
16 1 3 30 24.6214
16 1 3 31 20.9358
16 1 4 0 22.1354
16 1 4 1 23.4361
16 1 4 2 25.8468
16 1 4 3 25.2655
16 1 4 4 19.7251
16 1 4 5 21.2897
16 1 4 6 21.5617
16 1 4 7 23.6293
16 1 4 8 39.8975
16 1 4 9 39.5501
16 1 4 10 41.6216
16 1 4 11 43.1626
16 1 4 12 42.8773
16 1 4 13 40.6121
16 1 4 14 42.0478
16 1 4 15 40.2134
16 1 4 16 39.85
16 1 4 17 42.1712
16 1 4 18 38.9027
16 1 4 19 37.4234
16 1 4 20 39.2707
16 1 4 21 42.4681
16 1 4 22 42.1038
16 1 4 23 43.4618
16 1 4 24 22.8546
16 1 4 25 23.5817
16 1 4 26 21.0803
16 1 4 27 22.4912
16 1 4 28 20.7806
16 1 4 29 21.3055
16 1 4 30 24.7271
16 1 4 31 21.1682
16 1 5 0 23.2045
16 1 5 1 23.1601
16 1 5 2 20.9456
16 1 5 3 22.4299
16 1 5 4 22.8817
16 1 5 5 22.3551
16 1 5 6 22.1808
16 1 5 7 22.434
16 1 5 8 40.6853
16 1 5 9 39.3368
16 1 5 10 42.9416
16 1 5 11 41.7108
16 1 5 12 42.2812
16 1 5 13 40.5349
16 1 5 14 42.2859
16 1 5 15 43.475
16 1 5 16 41.8384
16 1 5 17 43.4364
16 1 5 18 42.5013
16 1 5 19 42.6467
16 1 5 20 42.6353
16 1 5 21 38.1597
16 1 5 22 40.7622
16 1 5 23 43.2104
16 1 5 24 22.8639
16 1 5 25 22.5585
16 1 5 26 23.3426
16 1 5 27 22.3946
16 1 5 28 20.1625
16 1 5 29 22.5606
16 1 5 30 23.4352
16 1 5 31 22.5566
16 1 6 0 24.5942
16 1 6 1 22.3525
16 1 6 2 23.6727
16 1 6 3 23.877
16 1 6 4 21.0372
16 1 6 5 22.5065
16 1 6 6 22.8761
16 1 6 7 21.1764
16 1 6 8 41.8301
16 1 6 9 44.5876
16 1 6 10 43.8754
16 1 6 11 40.3201
16 1 6 12 39.8048
16 1 6 13 41.6856
16 1 6 14 41.8543
16 1 6 15 43.8314
16 1 6 16 38.9612
16 1 6 17 40.318
16 1 6 18 41.3524
16 1 6 19 42.2622
16 1 6 20 41.2097
16 1 6 21 42.6548
16 1 6 22 44.424
16 1 6 23 42.0452
16 1 6 24 24.5969
16 1 6 25 25.0472
16 1 6 26 22.7507
16 1 6 27 23.5754
16 1 6 28 22.3755
16 1 6 29 21.1608
16 1 6 30 24.265
16 1 6 31 23.9444
16 1 7 0 23.7217
16 1 7 1 23.0294
16 1 7 2 21.2246
16 1 7 3 23.0643
16 1 7 4 22.2165
16 1 7 5 22.3635
16 1 7 6 21.9085
16 1 7 7 25.4068
16 1 7 8 39.4844
16 1 7 9 42.6824
16 1 7 10 40.2491
16 1 7 11 41.7945
16 1 7 12 42.8227
16 1 7 13 40.4058
16 1 7 14 41.5839
16 1 7 15 41.6574
16 1 7 16 39.3623
16 1 7 17 39.6649
16 1 7 18 41.4992
16 1 7 19 41.3943
16 1 7 20 39.404
16 1 7 21 40.0704
16 1 7 22 39.7027
16 1 7 23 39.9088
16 1 7 24 25.7741
16 1 7 25 24.2343
16 1 7 26 18.8988
16 1 7 27 22.7609
16 1 7 28 23.7494
16 1 7 29 22.9668
16 1 7 30 22.4002
16 1 7 31 22.0721
16 1 8 0 20.8076
16 1 8 1 23.4093
16 1 8 2 23.1951
16 1 8 3 24.2572
16 1 8 4 22.0933
16 1 8 5 24.2042
16 1 8 6 24.5556
16 1 8 7 25.3352
16 1 8 8 43.6644
16 1 8 9 44.4047
16 1 8 10 40.1744
16 1 8 11 43.2796
16 1 8 12 46.3655
16 1 8 13 45.0645
16 1 8 14 40.789
16 1 8 15 42.5302
16 1 8 16 39.5233
16 1 8 17 43.5478
16 1 8 18 44.2939
16 1 8 19 43.5663
16 1 8 20 40.7101
16 1 8 21 42.3939
16 1 8 22 39.9834
16 1 8 23 41.0769
16 1 8 24 22.3517
16 1 8 25 23.3385
16 1 8 26 20.6709
16 1 8 27 23.5058
16 1 8 28 24.7049
16 1 8 29 21.9277
16 1 8 30 22.2817
16 1 8 31 22.66
16 1 9 0 25.0941
16 1 9 1 23.1459
16 1 9 2 21.4239
16 1 9 3 23.3663
16 1 9 4 21.7961
16 1 9 5 24.8454
16 1 9 6 23.3725
16 1 9 7 22.0317
16 1 9 8 41.5035
16 1 9 9 43.8123
16 1 9 10 41.7651
16 1 9 11 44.0958
16 1 9 12 41.9312
16 1 9 13 43.7511
16 1 9 14 41.3659
16 1 9 15 44.7994
16 1 9 16 42.3764
16 1 9 17 42.873
16 1 9 18 43.8703
16 1 9 19 41.0805
16 1 9 20 39.2908
16 1 9 21 0
16 1 9 22 44.8203
16 1 9 23 43.5608
16 1 9 24 22.1238
16 1 9 25 24.4286
16 1 9 26 23.4548
16 1 9 27 22.3764
16 1 9 28 24.3466
16 1 9 29 24.0562
16 1 9 30 23.4585
16 1 9 31 22.021
16 1 10 0 24.1649
16 1 10 1 21.9359
16 1 10 2 22.2563
16 1 10 3 24.9607
16 1 10 4 18.5567
16 1 10 5 22.7811
16 1 10 6 21.7936
16 1 10 7 22.8674
16 1 10 8 42.6216
16 1 10 9 44.7898
16 1 10 10 45.3946
16 1 10 11 42.8425
16 1 10 12 42.119
16 1 10 13 43.1069
16 1 10 14 43.2662
16 1 10 15 43.2658
16 1 10 16 43.0024
16 1 10 17 41.1712
16 1 10 18 44.5473
16 1 10 19 42.7383
16 1 10 20 42.4739
16 1 10 21 39.8538
16 1 10 22 40.8137
16 1 10 23 42.0836
16 1 10 24 21.8247
16 1 10 25 21.364
16 1 10 26 24.8264
16 1 10 27 22.8718
16 1 10 28 23.0333
16 1 10 29 22.9802
16 1 10 30 23.2154
16 1 10 31 20.61
16 1 11 0 19.3239
16 1 11 1 19.0061
16 1 11 2 20.5517
16 1 11 3 20.7459
16 1 11 4 20.2972
16 1 11 5 25.1158
16 1 11 6 21.6609
16 1 11 7 19.0837
16 1 11 8 44.1901
16 1 11 9 40.5552
16 1 11 10 37.783
16 1 11 11 41.0745
16 1 11 12 39.9398
16 1 11 13 40.6899
16 1 11 14 44.5644
16 1 11 15 44.9365
16 1 11 16 39.9093
16 1 11 17 41.6284
16 1 11 18 42.2984
16 1 11 19 40.2166
16 1 11 20 38.9606
16 1 11 21 42.9852
16 1 11 22 40.2714
16 1 11 23 36.3335
16 1 11 24 20.553
16 1 11 25 19.1952
16 1 11 26 21.5103
16 1 11 27 17.6355
16 1 11 28 19.9846
16 1 11 29 19.757
16 1 11 30 22.2757
16 1 11 31 22.1789
16 1 12 0 22.0005
16 1 12 1 20.1888
16 1 12 2 20.7104
16 1 12 3 20.0076
16 1 12 4 18.5734
16 1 12 5 17.6501
16 1 12 6 19.9678
16 1 12 7 22.52
16 1 12 8 40.0699
16 1 12 9 39.3247
16 1 12 10 38.9108
16 1 12 11 38.3504
16 1 12 12 43.8886
16 1 12 13 43.1794
16 1 12 14 42.2233
16 1 12 15 43.7786
16 1 12 16 42.9604
16 1 12 17 42.7413
16 1 12 18 42.9917
16 1 12 19 41.6273
16 1 12 20 41.2662
16 1 12 21 41.1711
16 1 12 22 42.8742
16 1 12 23 36.8879
16 1 12 24 24.6166
16 1 12 25 21.1591
16 1 12 26 22.6201
16 1 12 27 18.8539
16 1 12 28 22.7306
16 1 12 29 20.1138
16 1 12 30 21.5244
16 1 12 31 19.3934
16 1 13 0 22.1873
16 1 13 1 22.7739
16 1 13 2 24.0501
16 1 13 3 24.7277
16 1 13 4 24.2859
16 1 13 5 22.441
16 1 13 6 24.0395
16 1 13 7 20.7855
16 1 13 8 44.9747
16 1 13 9 42.3247
16 1 13 10 42.5367
16 1 13 11 42.2434
16 1 13 12 42.4654
16 1 13 13 40.7419
16 1 13 14 43.3787
16 1 13 15 45.1872
16 1 13 16 43.5839
16 1 13 17 42.1622
16 1 13 18 44.0387
16 1 13 19 42.4381
16 1 13 20 43.7813
16 1 13 21 39.3952
16 1 13 22 42.6438
16 1 13 23 42.8178
16 1 13 24 24.483
16 1 13 25 19.5282
16 1 13 26 20.4507
16 1 13 27 22.2755
16 1 13 28 22.865
16 1 13 29 21.8805
16 1 13 30 23.9844
16 1 13 31 24.3287
16 1 14 0 23.6321
16 1 14 1 22.9228
16 1 14 2 24.3252
16 1 14 3 23.0597
16 1 14 4 23.8117
16 1 14 5 23.3847
16 1 14 6 24.979
16 1 14 7 22.3757
16 1 14 8 45.5961
16 1 14 9 44.9268
16 1 14 10 44.2427
16 1 14 11 45.6387
16 1 14 12 43.3974
16 1 14 13 43.3944
16 1 14 14 45.3184
16 1 14 15 41.9764
16 1 14 16 43.5589
16 1 14 17 42.4473
16 1 14 18 44.567
16 1 14 19 45.396
16 1 14 20 45.3666
16 1 14 21 44.337
16 1 14 22 43.9171
16 1 14 23 46.2024
16 1 14 24 22.4168
16 1 14 25 23.9042
16 1 14 26 23.4058
16 1 14 27 23.873
16 1 14 28 23.7824
16 1 14 29 23.7068
16 1 14 30 23.8113
16 1 14 31 24.1421
16 1 15 0 23.2999
16 1 15 1 23.6664
16 1 15 2 25.6712
16 1 15 3 24.9232
16 1 15 4 21.5548
16 1 15 5 23.012
16 1 15 6 23.0272
16 1 15 7 22.6683
16 1 15 8 39.1631
16 1 15 9 43.7171
16 1 15 10 43.7884
16 1 15 11 44.758
16 1 15 12 44.622
16 1 15 13 42.2269
16 1 15 14 43.4178
16 1 15 15 43.8197
16 1 15 16 42.4381
16 1 15 17 39.7656
16 1 15 18 42.4281
16 1 15 19 43.5872
16 1 15 20 42.5746
16 1 15 21 44.3193
16 1 15 22 38.6714
16 1 15 23 43.6119
16 1 15 24 23.7587
16 1 15 25 20.9123
16 1 15 26 17.3088
16 1 15 27 23.3435
16 1 15 28 22.9263
16 1 15 29 23.0447
16 1 15 30 24.1677
16 1 15 31 20.8462
16 1 16 0 20.2025
16 1 16 1 24.5648
16 1 16 2 21.414
16 1 16 3 22.7349
16 1 16 4 22.8965
16 1 16 5 24.5226
16 1 16 6 22.3528
16 1 16 7 22.3252
16 1 16 8 44.3503
16 1 16 9 42.6153
16 1 16 10 40.2935
16 1 16 11 40.3675
16 1 16 12 44.8007
16 1 16 13 43.9862
16 1 16 14 44.2873
16 1 16 15 45.1169
16 1 16 16 39.9936
16 1 16 17 46.9404
16 1 16 18 39.6876
16 1 16 19 44.052
16 1 16 20 42.4375
16 1 16 21 42.3691
16 1 16 22 45.3641
16 1 16 23 44.2975
16 1 16 24 20.0706
16 1 16 25 21.658
16 1 16 26 24.2446
16 1 16 27 24.1662
16 1 16 28 22.5489
16 1 16 29 21.2935
16 1 16 30 24.6624
16 1 16 31 23.2586
16 1 17 0 23.8629
16 1 17 1 24.4616
16 1 17 2 25.27
16 1 17 3 23.6806
16 1 17 4 26.0121
16 1 17 5 21.5157
16 1 17 6 25.5576
16 1 17 7 24.8532
16 1 17 8 45.0253
16 1 17 9 43.0657
16 1 17 10 43.1923
16 1 17 11 42.9798
16 1 17 12 40.3861
16 1 17 13 41.682
16 1 17 14 46.4296
16 1 17 15 43.8205
16 1 17 16 45.1093
16 1 17 17 43
16 1 17 18 44.8063
16 1 17 19 41.4462
16 1 17 20 39.378
16 1 17 21 43.317
16 1 17 22 41.7248
16 1 17 23 42.7222
16 1 17 24 25.1321
16 1 17 25 20.2005
16 1 17 26 23.4443
16 1 17 27 22.7873
16 1 17 28 23.2885
16 1 17 29 24.3367
16 1 17 30 23.5576
16 1 17 31 24.3549
