2 0 0 0 20.7331
2 0 0 1 22.715
2 0 0 2 23.0482
2 0 0 3 21.8757
2 0 0 4 21.6498
2 0 0 5 23.0812
2 0 0 6 24.3822
2 0 0 7 22.8016
2 0 0 8 22.2708
2 0 0 9 23.7715
2 0 0 10 22.7447
2 0 0 11 22.6844
2 0 0 12 22.8922
2 0 0 13 23.5599
2 0 0 14 23.4283
2 0 0 15 22.6153
2 0 0 16 20.1593
2 0 0 17 22.4078
2 0 0 18 23.8694
2 0 0 19 22.2181
2 0 0 20 22.4841
2 0 0 21 21.0391
2 0 0 22 22.867
2 0 0 23 20.1014
2 0 1 0 23.2347
2 0 1 1 24.1562
2 0 1 2 21.9652
2 0 1 3 19.8293
2 0 1 4 21.5191
2 0 1 5 23.6884
2 0 1 6 22.703
2 0 1 7 19.8725
2 0 1 8 24.0571
2 0 1 9 22.7442
2 0 1 10 22.1228
2 0 1 11 20.2979
2 0 1 12 23.5463
2 0 1 13 23.1034
2 0 1 14 22.4923
2 0 1 15 23.5683
2 0 1 16 20.2327
2 0 1 17 22.0926
2 0 1 18 22.2997
2 0 1 19 22.0949
2 0 1 20 23.3247
2 0 1 21 21.2189
2 0 1 22 23.5418
2 0 1 23 22.0136
2 0 2 0 25.038
2 0 2 1 26.1736
2 0 2 2 26.9243
2 0 2 3 26.2417
2 0 2 4 26.4212
2 0 2 5 26.0012
2 0 2 6 26.3557
2 0 2 7 27.0446
2 0 2 8 26.1702
2 0 2 9 23.2207
2 0 2 10 25.5784
2 0 2 11 25.1473
2 0 2 12 25.5966
2 0 2 13 26.2463
2 0 2 14 23.9174
2 0 2 15 24.9411
2 0 2 16 23.73
2 0 2 17 26.8579
2 0 2 18 25.022
2 0 2 19 26.0919
2 0 2 20 26.2614
2 0 2 21 25.7918
2 0 2 22 26.5271
2 0 2 23 27.3161
2 0 3 0 25.0273
2 0 3 1 24.8797
2 0 3 2 24.2508
2 0 3 3 23.9647
2 0 3 4 24.5203
2 0 3 5 24.7457
2 0 3 6 24.4528
2 0 3 7 24.3979
2 0 3 8 25.4059
2 0 3 9 25.8172
2 0 3 10 21.9833
2 0 3 11 24.8492
2 0 3 12 23.1904
2 0 3 13 24.0338
2 0 3 14 24.6432
2 0 3 15 24.4263
2 0 3 16 23.7768
2 0 3 17 24.1868
2 0 3 18 25.3192
2 0 3 19 25.4319
2 0 3 20 24.6087
2 0 3 21 24.8629
2 0 3 22 23.4903
2 0 3 23 24.118
2 0 4 0 24.5748
2 0 4 1 24.353
2 0 4 2 25.4625
2 0 4 3 24.6058
2 0 4 4 24.5126
2 0 4 5 25.8319
2 0 4 6 25.1962
2 0 4 7 24.5179
2 0 4 8 24.7288
2 0 4 9 25.1973
2 0 4 10 25.2267
2 0 4 11 26.2346
2 0 4 12 25.5898
2 0 4 13 23.9271
2 0 4 14 24.7263
2 0 4 15 24.4154
2 0 4 16 25.0427
2 0 4 17 23.8804
2 0 4 18 23.4359
2 0 4 19 23.4437
2 0 4 20 25.9323
2 0 4 21 23.6373
2 0 4 22 25.4367
2 0 4 23 25.7972
2 0 5 0 24.0357
2 0 5 1 24.6023
2 0 5 2 23.6826
2 0 5 3 24.2745
2 0 5 4 23.4396
2 0 5 5 23.9216
2 0 5 6 25.4064
2 0 5 7 20.5748
2 0 5 8 25.1468
2 0 5 9 26.2739
2 0 5 10 27.1192
2 0 5 11 25.5629
2 0 5 12 21.7783
2 0 5 13 25.4476
2 0 5 14 18.9763
2 0 5 15 24.095
2 0 5 16 21.6068
2 0 5 17 25.6381
2 0 5 18 24.9744
2 0 5 19 25.4467
2 0 5 20 26.4336
2 0 5 21 25.3378
2 0 5 22 23.9528
2 0 5 23 26.3989
2 0 6 0 23.911
2 0 6 1 22.6722
2 0 6 2 24.1995
2 0 6 3 25.1131
2 0 6 4 24.9797
2 0 6 5 24.6262
2 0 6 6 23.6613
2 0 6 7 23.5186
2 0 6 8 25.6408
2 0 6 9 24.1767
2 0 6 10 23.8651
2 0 6 11 23.7983
2 0 6 12 23.1997
2 0 6 13 25.2631
2 0 6 14 25.0217
2 0 6 15 24.8435
2 0 6 16 23.2425
2 0 6 17 23.9235
2 0 6 18 24.9483
2 0 6 19 21.0101
2 0 6 20 23.8157
2 0 6 21 24.6742
2 0 6 22 24.4318
2 0 6 23 22.4501
2 0 7 0 21.1297
2 0 7 1 21.6689
2 0 7 2 22.9154
2 0 7 3 22.2896
2 0 7 4 22.1075
2 0 7 5 22.1644
2 0 7 6 22.0921
2 0 7 7 19.9766
2 0 7 8 23.1059
2 0 7 9 24.6369
2 0 7 10 22.6052
2 0 7 11 21.0927
2 0 7 12 21.7659
2 0 7 13 22.8587
2 0 7 14 23.9576
2 0 7 15 22.7961
2 0 7 16 22.6902
2 0 7 17 24.1793
2 0 7 18 23.0814
2 0 7 19 24.0295
2 0 7 20 23.1087
2 0 7 21 21.0857
2 0 7 22 22.2687
2 0 7 23 22.9834
2 0 8 0 23.2667
2 0 8 1 24.3454
2 0 8 2 25.177
2 0 8 3 24.6011
2 0 8 4 25.4514
2 0 8 5 24.4359
2 0 8 6 25.2962
2 0 8 7 24.1658
2 0 8 8 24.0068
2 0 8 9 24.3422
2 0 8 10 26.5771
2 0 8 11 22.8009
2 0 8 12 23.3838
2 0 8 13 24.1268
2 0 8 14 22.4319
2 0 8 15 23.6833
2 0 8 16 23.9954
2 0 8 17 19.935
2 0 8 18 25.105
2 0 8 19 24.1457
2 0 8 20 25.0702
2 0 8 21 19.8955
2 0 8 22 24.2218
2 0 8 23 24.0253
2 0 9 0 23.7413
2 0 9 1 23.9123
2 0 9 2 25.6294
2 0 9 3 26.4497
2 0 9 4 24.8063
2 0 9 5 24.905
2 0 9 6 25.4043
2 0 9 7 25.6893
2 0 9 8 24.9505
2 0 9 9 25.6313
2 0 9 10 26.1734
2 0 9 11 26.0652
2 0 9 12 26.9616
2 0 9 13 24.8089
2 0 9 14 26.477
2 0 9 15 25.4991
2 0 9 16 25.7066
2 0 9 17 25.4104
2 0 9 18 25.5682
2 0 9 19 27.1488
2 0 9 20 25.3598
2 0 9 21 24.6917
2 0 9 22 26.2766
2 0 9 23 25.8036
2 0 10 0 21.8525
2 0 10 1 23.5549
2 0 10 2 24.4195
2 0 10 3 24.0193
2 0 10 4 26.1764
2 0 10 5 22.6155
2 0 10 6 23.9133
2 0 10 7 26.0746
2 0 10 8 26.6163
2 0 10 9 25.365
2 0 10 10 25.6235
2 0 10 11 22.9251
2 0 10 12 26.1757
2 0 10 13 24.924
2 0 10 14 25.4137
2 0 10 15 20.7433
2 0 10 16 20.9422
2 0 10 17 25.068
2 0 10 18 24.9341
2 0 10 19 24.631
2 0 10 20 24.0863
2 0 10 21 25.0347
2 0 10 22 20.8772
2 0 10 23 24.735
2 1 0 0 22.9581
2 1 0 1 23.3159
2 1 0 2 24.4178
2 1 0 3 23.7182
2 1 0 4 22.8304
2 1 0 5 23.4834
2 1 0 6 23.8691
2 1 0 7 23.6285
2 1 0 8 24.5451
2 1 0 9 23.237
2 1 0 10 23.4497
2 1 0 11 23.4694
2 1 0 12 23.8321
2 1 0 13 22.9563
2 1 0 14 23.0762
2 1 0 15 22.5387
2 1 0 16 24.4475
2 1 0 17 23.458
2 1 0 18 24.1223
2 1 0 19 23.9059
2 1 0 20 24.0138
2 1 0 21 23.1799
2 1 0 22 22.7883
2 1 0 23 24.6541
2 1 1 0 22.5856
2 1 1 1 23.5385
2 1 1 2 22.073
2 1 1 3 21.9749
2 1 1 4 24.9297
2 1 1 5 23.7044
2 1 1 6 23.4489
2 1 1 7 24.5801
2 1 1 8 25.1975
2 1 1 9 25.9915
2 1 1 10 22.1073
2 1 1 11 22.9277
2 1 1 12 23.0315
2 1 1 13 24.1656
2 1 1 14 22.5058
2 1 1 15 22.2146
2 1 1 16 23.7688
2 1 1 17 23.6019
2 1 1 18 24.4181
2 1 1 19 23.5957
2 1 1 20 23.5419
2 1 1 21 22.0592
2 1 1 22 22.1369
2 1 1 23 23.7042
2 1 2 0 24.8363
2 1 2 1 23.6691
2 1 2 2 24.4265
2 1 2 3 24.8454
2 1 2 4 24.3334
2 1 2 5 23.8407
2 1 2 6 24.0666
2 1 2 7 24.8468
2 1 2 8 21.3355
2 1 2 9 23.0427
2 1 2 10 24.3565
2 1 2 11 24.7063
2 1 2 12 23.6591
2 1 2 13 24.8071
2 1 2 14 23.3448
2 1 2 15 23.9017
2 1 2 16 24.6957
2 1 2 17 21.6186
2 1 2 18 23.9979
2 1 2 19 23.9045
2 1 2 20 25.0875
2 1 2 21 23.5196
2 1 2 22 22.183
2 1 2 23 23.0041
2 1 3 0 23.1255
2 1 3 1 22.4047
2 1 3 2 23.2972
2 1 3 3 24.3021
2 1 3 4 24.7218
2 1 3 5 22.954
2 1 3 6 21.973
2 1 3 7 23.1907
2 1 3 8 23.2971
2 1 3 9 24.3629
2 1 3 10 22.6168
2 1 3 11 22.2309
2 1 3 12 21.3061
2 1 3 13 22.6798
2 1 3 14 21.3778
2 1 3 15 22.1604
2 1 3 16 22.854
2 1 3 17 23.7731
2 1 3 18 24.5403
2 1 3 19 23.8909
2 1 3 20 23.6453
2 1 3 21 23.6936
2 1 3 22 22.5834
2 1 3 23 23.957
2 1 4 0 23.272
2 1 4 1 24.0951
2 1 4 2 23.1119
2 1 4 3 23.2361
2 1 4 4 23.8017
2 1 4 5 23.5226
2 1 4 6 23.9661
2 1 4 7 23.6695
2 1 4 8 22.6874
2 1 4 9 23.2737
2 1 4 10 22.3633
2 1 4 11 22.3381
2 1 4 12 22.0641
2 1 4 13 22.9768
2 1 4 14 24.011
2 1 4 15 23.0876
2 1 4 16 23.173
2 1 4 17 23.9524
2 1 4 18 23.6532
2 1 4 19 23.9982
2 1 4 20 23.4129
2 1 4 21 22.5555
2 1 4 22 24.851
2 1 4 23 26.3138
2 1 5 0 23.3327
2 1 5 1 23.8084
2 1 5 2 22.6254
2 1 5 3 24.7
2 1 5 4 22.9551
2 1 5 5 24.8937
2 1 5 6 24.4729
2 1 5 7 24.1543
2 1 5 8 23.6405
2 1 5 9 20.167
2 1 5 10 24.226
2 1 5 11 24.4719
2 1 5 12 23.4225
2 1 5 13 23.7195
2 1 5 14 23.4626
2 1 5 15 20.0565
2 1 5 16 24.2867
2 1 5 17 22.3087
2 1 5 18 22.3561
2 1 5 19 23.2328
2 1 5 20 22.7129
2 1 5 21 23.5744
2 1 5 22 23.5863
2 1 5 23 22.6982
2 1 6 0 25.4482
2 1 6 1 24.373
2 1 6 2 26.1219
2 1 6 3 22.7975
2 1 6 4 26.5297
2 1 6 5 24.6158
2 1 6 6 25.5832
2 1 6 7 22.6249
2 1 6 8 24.7108
2 1 6 9 24.1992
2 1 6 10 24.6591
2 1 6 11 25.5372
2 1 6 12 24.2255
2 1 6 13 24.2313
2 1 6 14 24.4907
2 1 6 15 26.0134
2 1 6 16 23.3692
2 1 6 17 25.2641
2 1 6 18 25.1029
2 1 6 19 25.1139
2 1 6 20 26.223
2 1 6 21 26.0244
2 1 6 22 25.2845
2 1 6 23 23.7581
2 1 7 0 24.2238
2 1 7 1 23.2495
2 1 7 2 22.5996
2 1 7 3 22.8661
2 1 7 4 22.8034
2 1 7 5 24.4905
2 1 7 6 22.337
2 1 7 7 23.2899
2 1 7 8 25.2621
2 1 7 9 24.6503
2 1 7 10 21.7689
2 1 7 11 25.2193
2 1 7 12 24.0904
2 1 7 13 24.6723
2 1 7 14 23.8036
2 1 7 15 24.0251
2 1 7 16 24.1961
2 1 7 17 24.167
2 1 7 18 22.7642
2 1 7 19 25.683
2 1 7 20 24.8188
2 1 7 21 24.2719
2 1 7 22 22.1811
2 1 7 23 24.3731
2 1 8 0 24.305
2 1 8 1 23.8358
2 1 8 2 24.1408
2 1 8 3 23.4052
2 1 8 4 20.0805
2 1 8 5 24.7538
2 1 8 6 23.3239
2 1 8 7 22.7742
2 1 8 8 22.1947
2 1 8 9 21.4398
2 1 8 10 21.7201
2 1 8 11 22.4663
2 1 8 12 21.2243
2 1 8 13 24.374
2 1 8 14 23.5888
2 1 8 15 24.8895
2 1 8 16 23.3352
2 1 8 17 23.333
2 1 8 18 23.4996
2 1 8 19 25.4243
2 1 8 20 23.961
2 1 8 21 23.2735
2 1 8 22 22.9744
2 1 8 23 23.3851
2 1 9 0 23.349
2 1 9 1 24.0224
2 1 9 2 23.2781
2 1 9 3 25.0823
2 1 9 4 25.7882
2 1 9 5 26.5749
2 1 9 6 22.8514
2 1 9 7 25.6318
2 1 9 8 26.2217
2 1 9 9 26.2029
2 1 9 10 26.5995
2 1 9 11 25.8639
2 1 9 12 25.0256
2 1 9 13 26.2961
2 1 9 14 25.8434
2 1 9 15 27.1613
2 1 9 16 25.7478
2 1 9 17 26.7501
2 1 9 18 25.855
2 1 9 19 27.592
2 1 9 20 25.2755
2 1 9 21 27.5251
2 1 9 22 24.111
2 1 9 23 25.9015
2 1 10 0 22.4523
2 1 10 1 20.5264
2 1 10 2 22.1237
2 1 10 3 24.5545
2 1 10 4 24.5032
2 1 10 5 21.7224
2 1 10 6 19.9321
2 1 10 7 21.6745
2 1 10 8 22.7841
2 1 10 9 24.6384
2 1 10 10 24.9443
2 1 10 11 23.214
2 1 10 12 22.6226
2 1 10 13 24.0296
2 1 10 14 25.2822
2 1 10 15 22.8288
2 1 10 16 22.5223
2 1 10 17 22.7896
2 1 10 18 22.936
2 1 10 19 21.8985
2 1 10 20 24.3682
2 1 10 21 24.276
2 1 10 22 24.5558
2 1 10 23 24.6602
