16 0 0 0 21.3871
16 0 0 1 17.8603
16 0 0 2 20.8244
16 0 0 3 19.1025
16 0 0 4 21.2889
16 0 0 5 18.5385
16 0 0 6 20.6802
16 0 0 7 20.8394
16 0 0 8 21.0595
16 0 0 9 16.7904
16 0 0 10 19.6224
16 0 0 11 18.7104
16 0 0 12 23.3592
16 0 0 13 19.2524
16 0 0 14 19.678
16 0 0 15 23.3867
16 0 0 16 22.4435
16 0 0 17 22.8801
16 0 0 18 20.0474
16 0 0 19 16.0984
16 0 0 20 18.2151
16 0 0 21 20.1703
16 0 0 22 21.2712
16 0 0 23 17.232
16 0 1 0 19.6455
16 0 1 1 23.2061
16 0 1 2 23.2903
16 0 1 3 18.6873
16 0 1 4 20.0295
16 0 1 5 17.6474
16 0 1 6 21.9354
16 0 1 7 21.1157
16 0 1 8 39.214
16 0 1 9 41.5657
16 0 1 10 42.8147
16 0 1 11 39.221
16 0 1 12 39.4425
16 0 1 13 40.5394
16 0 1 14 32.9956
16 0 1 15 39.7105
16 0 1 16 38.6859
16 0 1 17 38.7068
16 0 1 18 39.0879
16 0 1 19 38.085
16 0 1 20 41.1086
16 0 1 21 40.2231
16 0 1 22 43.3529
16 0 1 23 38.8591
16 0 1 24 22.1279
16 0 1 25 22.0631
16 0 1 26 23.3871
16 0 1 27 17.9415
16 0 1 28 23.8017
16 0 1 29 20.3578
16 0 1 30 20.5726
16 0 1 31 21.1503
16 0 2 0 21.4325
16 0 2 1 18.2998
16 0 2 2 23.4801
16 0 2 3 19.2186
16 0 2 4 20.5053
16 0 2 5 17.3453
16 0 2 6 19.3347
16 0 2 7 22.1808
16 0 2 8 43.7714
16 0 2 9 38.1072
16 0 2 10 41.9253
16 0 2 11 40.0856
16 0 2 12 39.6279
16 0 2 13 38.0489
16 0 2 14 42.0816
16 0 2 15 39.5002
16 0 2 16 43.5843
16 0 2 17 41.6909
16 0 2 18 43.2206
16 0 2 19 37.3845
16 0 2 20 38.4723
16 0 2 21 41.2626
16 0 2 22 44.9454
16 0 2 23 42.5105
16 0 2 24 24.1357
16 0 2 25 22.0503
16 0 2 26 20.3976
16 0 2 27 22.9097
16 0 2 28 23.2074
16 0 2 29 23.1946
16 0 2 30 24.3975
16 0 2 31 20.0066
16 0 3 0 18.0846
16 0 3 1 19.6776
16 0 3 2 24.1491
16 0 3 3 19.7159
16 0 3 4 26.6841
16 0 3 5 23.6777
16 0 3 6 24.3737
16 0 3 7 18.9277
16 0 3 8 43.0039
16 0 3 9 40.9625
16 0 3 10 38.0904
16 0 3 11 41.8947
16 0 3 12 38.5446
16 0 3 13 38.4429
16 0 3 14 37.061
16 0 3 15 35.0786
16 0 3 16 37.4041
16 0 3 17 41.7078
16 0 3 18 43.596
16 0 3 19 41.4111
16 0 3 20 36.8003
16 0 3 21 39.6581
16 0 3 22 39.3666
16 0 3 23 36.9515
16 0 3 24 22.8626
16 0 3 25 20.3294
16 0 3 26 23.9055
16 0 3 27 24.4035
16 0 3 28 21.1727
16 0 3 29 18.086
16 0 3 30 23.1367
16 0 3 31 17.1741
16 0 4 0 25.9807
16 0 4 1 20.7822
16 0 4 2 20.281
16 0 4 3 21.4474
16 0 4 4 20.5797
16 0 4 5 18.3045
16 0 4 6 23.8877
16 0 4 7 24.2462
16 0 4 8 39.3609
16 0 4 9 40.5515
16 0 4 10 42.5043
16 0 4 11 40.1401
16 0 4 12 40.6253
16 0 4 13 45.8016
16 0 4 14 41.6835
16 0 4 15 37.9366
16 0 4 16 39.9708
16 0 4 17 40.1714
16 0 4 18 40.9803
16 0 4 19 43.3347
16 0 4 20 38.8834
16 0 4 21 42.9523
16 0 4 22 44.0593
16 0 4 23 40.3779
16 0 4 24 25.6356
16 0 4 25 22.0184
16 0 4 26 22.0435
16 0 4 27 21.9755
16 0 4 28 21.4027
16 0 4 29 22.0185
16 0 4 30 22.9185
16 0 4 31 24.0016
16 0 5 0 21.8226
16 0 5 1 25.2269
16 0 5 2 21.7991
16 0 5 3 21.4913
16 0 5 4 20.6778
16 0 5 5 20.8506
16 0 5 6 22.0172
16 0 5 7 21.1032
16 0 5 8 40.0185
16 0 5 9 38.851
16 0 5 10 41.0125
16 0 5 11 39.7453
16 0 5 12 41.7338
16 0 5 13 40.2257
16 0 5 14 39.1482
16 0 5 15 37.259
16 0 5 16 39.8758
16 0 5 17 38.93
16 0 5 18 40.6057
16 0 5 19 41.4086
16 0 5 20 38.8973
16 0 5 21 39.3493
16 0 5 22 39.919
16 0 5 23 38.1275
16 0 5 24 24.4764
16 0 5 25 21.4801
16 0 5 26 19.539
16 0 5 27 19.0704
16 0 5 28 20.5447
16 0 5 29 19.0196
16 0 5 30 20.1165
16 0 5 31 20.3079
16 0 6 0 23.2301
16 0 6 1 24.7584
16 0 6 2 23.8341
16 0 6 3 23.0507
16 0 6 4 22.6259
16 0 6 5 24.5813
16 0 6 6 21.5769
16 0 6 7 21.6764
16 0 6 8 39.956
16 0 6 9 41.1846
16 0 6 10 43.213
16 0 6 11 38.6389
16 0 6 12 43.4719
16 0 6 13 40.9385
16 0 6 14 45.914
16 0 6 15 40.5244
16 0 6 16 40.8877
16 0 6 17 41.8507
16 0 6 18 42.2754
16 0 6 19 40.9168
16 0 6 20 43.6922
16 0 6 21 44.1531
16 0 6 22 42.6612
16 0 6 23 40.6638
16 0 6 24 23.1523
16 0 6 25 23.7147
16 0 6 26 22.5892
16 0 6 27 23.5298
16 0 6 28 23.4369
16 0 6 29 22.4334
16 0 6 30 22.9691
16 0 6 31 22.7979
16 0 7 0 22.5946
16 0 7 1 24.1357
16 0 7 2 24.6834
16 0 7 3 23.3186
16 0 7 4 22.0689
16 0 7 5 20.8924
16 0 7 6 23.3396
16 0 7 7 23.1547
16 0 7 8 42.001
16 0 7 9 40.3139
16 0 7 10 42.4295
16 0 7 11 39.6888
16 0 7 12 42.1687
16 0 7 13 41.4115
16 0 7 14 40.277
16 0 7 15 41.8254
16 0 7 16 41.0166
16 0 7 17 39.2349
16 0 7 18 41.9736
16 0 7 19 41.7344
16 0 7 20 43.5307
16 0 7 21 39.4042
16 0 7 22 39.7166
16 0 7 23 39.6083
16 0 7 24 23.7915
16 0 7 25 23.5459
16 0 7 26 22.9127
16 0 7 27 23.3805
16 0 7 28 23.22
16 0 7 29 22.2222
16 0 7 30 23.4866
16 0 7 31 23.0426
16 0 8 0 21.7077
16 0 8 1 25.5994
16 0 8 2 22.5041
16 0 8 3 20.6545
16 0 8 4 24.6373
16 0 8 5 21.6678
16 0 8 6 21.8774
16 0 8 7 24.6828
16 0 8 8 43.938
16 0 8 9 44.4658
16 0 8 10 42.9615
16 0 8 11 45.5669
16 0 8 12 43.2125
16 0 8 13 40.4711
16 0 8 14 45.2043
16 0 8 15 44.9911
16 0 8 16 41.0983
16 0 8 17 46.3073
16 0 8 18 48.5508
16 0 8 19 44.1865
16 0 8 20 42.6578
16 0 8 21 43.9729
16 0 8 22 42.9802
16 0 8 23 44.1087
16 0 8 24 22.8417
16 0 8 25 22.0301
16 0 8 26 21.9456
16 0 8 27 21.6394
16 0 8 28 23.3695
16 0 8 29 24.7896
16 0 8 30 24.7918
16 0 8 31 24.2967
16 0 9 0 24.4982
16 0 9 1 24.2562
16 0 9 2 22.5475
16 0 9 3 25.9262
16 0 9 4 24.467
16 0 9 5 25.1018
16 0 9 6 23.2545
16 0 9 7 25.6595
16 0 9 8 42.2225
16 0 9 9 44.6232
16 0 9 10 43.998
16 0 9 11 42.0381
16 0 9 12 44.212
16 0 9 13 43.4594
16 0 9 14 42.4092
16 0 9 15 41.1412
16 0 9 16 44.6762
16 0 9 17 43.6884
16 0 9 18 46.9341
16 0 9 19 41.3369
16 0 9 20 41.6985
16 0 9 21 40.7527
16 0 9 22 41.9073
16 0 9 23 40.654
16 0 9 24 22.5989
16 0 9 25 21.4019
16 0 9 26 21.9865
16 0 9 27 20.8751
16 0 9 28 21.7121
16 0 9 29 24.3015
16 0 9 30 24.7023
16 0 9 31 24.3844
16 0 10 0 22.5206
16 0 10 1 20.8306
16 0 10 2 19.9898
16 0 10 3 24.5987
16 0 10 4 23.6956
16 0 10 5 23.3804
16 0 10 6 23.853
16 0 10 7 22.3132
16 0 10 8 43.8404
16 0 10 9 41.9619
16 0 10 10 42.3854
16 0 10 11 38.4283
16 0 10 12 46.1028
16 0 10 13 46.8801
16 0 10 14 43.8523
16 0 10 15 42.4472
16 0 10 16 42.6652
16 0 10 17 42.3419
16 0 10 18 41.7048
16 0 10 19 42.8888
16 0 10 20 40.204
16 0 10 21 43.1228
16 0 10 22 42.541
16 0 10 23 38.1109
16 0 10 24 21.4347
16 0 10 25 21.4974
16 0 10 26 23.6776
16 0 10 27 22.4755
16 0 10 28 21.9445
16 0 10 29 21.9097
16 0 10 30 22.6734
16 0 10 31 23.6413
16 0 11 0 24.4731
16 0 11 1 20.7484
16 0 11 2 22.6932
16 0 11 3 19.4726
16 0 11 4 21.4425
16 0 11 5 18.7045
16 0 11 6 23.5441
16 0 11 7 21.2753
16 0 11 8 44.2813
16 0 11 9 40.3117
16 0 11 10 41.0462
16 0 11 11 38.1731
16 0 11 12 42.1106
16 0 11 13 42.9035
16 0 11 14 39.3708
16 0 11 15 35.5879
16 0 11 16 42.9697
16 0 11 17 38.2994
16 0 11 18 39.1799
16 0 11 19 40.0367
16 0 11 20 40.8037
16 0 11 21 40.6868
16 0 11 22 41.5951
16 0 11 23 40.2588
16 0 11 24 25.2622
16 0 11 25 19.8073
16 0 11 26 24.7617
16 0 11 27 20.8858
16 0 11 28 20.6288
16 0 11 29 22.9039
16 0 11 30 25.0642
16 0 11 31 24.3087
16 0 12 0 23.5254
16 0 12 1 23.5431
16 0 12 2 21.973
16 0 12 3 22.9187
16 0 12 4 22.1127
16 0 12 5 17.8069
16 0 12 6 22.9869
16 0 12 7 17.3186
16 0 12 8 40.5234
16 0 12 9 44.5596
16 0 12 10 41.5742
16 0 12 11 40.7505
16 0 12 12 42.3224
16 0 12 13 44.0097
16 0 12 14 41.533
16 0 12 15 39.3122
16 0 12 16 41.7546
16 0 12 17 42.2603
16 0 12 18 38.2935
16 0 12 19 42.0436
16 0 12 20 43.0592
16 0 12 21 40.8482
16 0 12 22 41.4151
16 0 12 23 42.386
16 0 12 24 21.1896
16 0 12 25 18.9549
16 0 12 26 22.0205
16 0 12 27 22.6241
16 0 12 28 22.3439
16 0 12 29 23.7662
16 0 12 30 21.0163
16 0 12 31 21.2003
16 0 13 0 24.6612
16 0 13 1 23.7955
16 0 13 2 26.6033
16 0 13 3 22.2971
16 0 13 4 22.3612
16 0 13 5 26.211
16 0 13 6 23.0267
16 0 13 7 24.8822
16 0 13 8 41.7422
16 0 13 9 42.0559
16 0 13 10 44.2652
16 0 13 11 42.2727
16 0 13 12 42.8569
16 0 13 13 40.6352
16 0 13 14 45.9633
16 0 13 15 39.2977
16 0 13 16 46.0428
16 0 13 17 41.2782
16 0 13 18 43.5789
16 0 13 19 40.4847
16 0 13 20 43.7395
16 0 13 21 45.1187
16 0 13 22 42.1974
16 0 13 23 39.8709
16 0 13 24 24.9599
16 0 13 25 21.7349
16 0 13 26 24.0157
16 0 13 27 19.0004
16 0 13 28 23.1463
16 0 13 29 22.3483
16 0 13 30 25.0173
16 0 13 31 21.9552
16 0 14 0 0
16 0 14 1 24.2949
16 0 14 2 23.6677
16 0 14 3 24.7941
16 0 14 4 20.909
16 0 14 5 25.2131
16 0 14 6 22.1293
16 0 14 7 20.1317
16 0 14 8 45.4834
16 0 14 9 44.687
16 0 14 10 45.7787
16 0 14 11 43.6318
16 0 14 12 44.6276
16 0 14 13 38.8985
16 0 14 14 43.5151
16 0 14 15 42.9059
16 0 14 16 40.2685
16 0 14 17 40.2797
16 0 14 18 47.6232
16 0 14 19 43.3367
16 0 14 20 44.1525
16 0 14 21 43.2512
16 0 14 22 45.2788
16 0 14 23 44.116
16 0 14 24 24.2873
16 0 14 25 23.5415
16 0 14 26 22.7235
16 0 14 27 21.5661
16 0 14 28 26.4849
16 0 14 29 25.0438
16 0 14 30 22.9421
16 0 14 31 23.5682
16 0 15 0 21.7529
16 0 15 1 24.6781
16 0 15 2 24.222
16 0 15 3 24.4952
16 0 15 4 23.2524
16 0 15 5 21.606
16 0 15 6 23.7154
16 0 15 7 19.6969
16 0 15 8 41.7089
16 0 15 9 38.0827
16 0 15 10 43.3705
16 0 15 11 42.6974
16 0 15 12 41.1827
16 0 15 13 43.3428
16 0 15 14 42.7114
16 0 15 15 45.1552
16 0 15 16 44.1177
16 0 15 17 39.6236
16 0 15 18 43.3514
16 0 15 19 42.6249
16 0 15 20 43.5363
16 0 15 21 42.9718
16 0 15 22 43.927
16 0 15 23 43.1703
16 0 15 24 22.1191
16 0 15 25 23.3884
16 0 15 26 20.6105
16 0 15 27 23.1671
16 0 15 28 25.664
16 0 15 29 24.2428
16 0 15 30 22.0417
16 0 15 31 23.5325
16 0 16 0 21.7322
16 0 16 1 23.7649
16 0 16 2 24.5781
16 0 16 3 23.0587
16 0 16 4 24.7641
16 0 16 5 21.7217
16 0 16 6 23.5658
16 0 16 7 23.8219
16 0 16 8 43.6258
16 0 16 9 43.7106
16 0 16 10 42.9997
16 0 16 11 40.2803
16 0 16 12 43.4471
16 0 16 13 40.7236
16 0 16 14 45.05
16 0 16 15 41.2046
16 0 16 16 44.5373
16 0 16 17 39.1493
16 0 16 18 37.0312
16 0 16 19 44.1614
16 0 16 20 41.607
16 0 16 21 44.3474
16 0 16 22 44.404
16 0 16 23 46.5309
16 0 16 24 21.1143
16 0 16 25 23.319
16 0 16 26 23.1481
16 0 16 27 23.2108
16 0 16 28 18.2256
16 0 16 29 23.6337
16 0 16 30 23.111
16 0 16 31 18.7307
16 0 17 0 19.8242
16 0 17 1 19.8585
16 0 17 2 19.6882
16 0 17 3 20.8724
16 0 17 4 24.0685
16 0 17 5 20.6428
16 0 17 6 24.4586
16 0 17 7 22.2459
16 0 17 8 42.4433
16 0 17 9 39.242
16 0 17 10 39.8621
16 0 17 11 41.1103
16 0 17 12 36.7538
16 0 17 13 40.2496
16 0 17 14 37.8347
16 0 17 15 41.8015
16 0 17 16 40.8797
16 0 17 17 34.3217
16 0 17 18 39.466
16 0 17 19 39.6505
16 0 17 20 38.1453
16 0 17 21 36.3008
16 0 17 22 39.3666
16 0 17 23 40.3393
16 0 17 24 21.825
16 0 17 25 19.6739
16 0 17 26 21.209
16 0 17 27 20.9351
16 0 17 28 18.6572
16 0 17 29 25.0997
16 0 17 30 20.6179
16 0 17 31 24.7499
16 1 0 0 17.3042
16 1 0 1 18.4802
16 1 0 2 19.966
16 1 0 3 17.8114
16 1 0 4 20.8536
16 1 0 5 18.4146
16 1 0 6 21.4678
16 1 0 7 20.6131
16 1 0 8 20.1436
16 1 0 9 22.3043
16 1 0 10 20.2543
16 1 0 11 22.1482
16 1 0 12 23.1529
16 1 0 13 17.3597
16 1 0 14 23.6354
16 1 0 15 19.2782
16 1 0 16 18.7442
16 1 0 17 19.3005
16 1 0 18 19.9274
16 1 0 19 22.158
16 1 0 20 18.7877
16 1 0 21 18.164
16 1 0 22 21.1823
16 1 0 23 18.8474
16 1 1 0 24.67
16 1 1 1 24.7016
16 1 1 2 24.7669
16 1 1 3 24.7001
16 1 1 4 18.2177
16 1 1 5 21.5432
16 1 1 6 22.4543
16 1 1 7 23.945
16 1 1 8 42.6374
16 1 1 9 42.0465
16 1 1 10 41.1492
16 1 1 11 41.8075
16 1 1 12 37.7023
16 1 1 13 36.9675
16 1 1 14 40.9329
16 1 1 15 44.1577
16 1 1 16 43.4052
16 1 1 17 43.2887
16 1 1 18 41.2479
16 1 1 19 42.7123
16 1 1 20 40.6436
16 1 1 21 43.2054
16 1 1 22 41.4985
16 1 1 23 39.433
16 1 1 24 21.2128
16 1 1 25 20.118
16 1 1 26 18.8988
16 1 1 27 23.8757
16 1 1 28 24.1072
16 1 1 29 23.2626
16 1 1 30 23.4724
16 1 1 31 21.2764
16 1 2 0 21.6121
16 1 2 1 22.1105
16 1 2 2 22.1037
16 1 2 3 23.9281
16 1 2 4 20.2371
16 1 2 5 23.6925
16 1 2 6 22.2649
16 1 2 7 21.3833
16 1 2 8 43.5338
16 1 2 9 40.5315
16 1 2 10 36.8629
16 1 2 11 43.7943
16 1 2 12 42.578
16 1 2 13 39.7201
16 1 2 14 41.1337
16 1 2 15 44.452
16 1 2 16 39.8183
16 1 2 17 40.2487
16 1 2 18 37.5896
16 1 2 19 44.8032
16 1 2 20 43.2249
16 1 2 21 42.2293
16 1 2 22 43.2104
16 1 2 23 38.8393
16 1 2 24 25.1891
16 1 2 25 21.33
16 1 2 26 21.689
16 1 2 27 24.1741
16 1 2 28 22.643
16 1 2 29 23.6641
16 1 2 30 22.7223
16 1 2 31 25.0232
16 1 3 0 24.5459
16 1 3 1 24.3746
16 1 3 2 23.2473
16 1 3 3 23.8793
16 1 3 4 23.438
16 1 3 5 23.0898
16 1 3 6 22.2519
16 1 3 7 21.3764
16 1 3 8 40.9953
16 1 3 9 42.8199
16 1 3 10 39.9904
16 1 3 11 43.3992
16 1 3 12 42.4747
16 1 3 13 42.5088
16 1 3 14 41.9274
16 1 3 15 43.6013
16 1 3 16 41.2137
16 1 3 17 43.4138
16 1 3 18 39.1617
16 1 3 19 43.4908
16 1 3 20 40.2487
16 1 3 21 43.6911
16 1 3 22 43.4559
16 1 3 23 43.1382
16 1 3 24 23.0512
16 1 3 25 22.4191
16 1 3 26 20.6266
16 1 3 27 23.1021
16 1 3 28 24.0952
16 1 3 29 22.0226
16 1 3 30 24.6214
16 1 3 31 20.9358
16 1 4 0 22.1354
16 1 4 1 23.4361
16 1 4 2 25.8468
16 1 4 3 25.2655
16 1 4 4 19.7251
16 1 4 5 21.2897
16 1 4 6 21.5617
16 1 4 7 23.6293
16 1 4 8 39.8975
16 1 4 9 39.5501
16 1 4 10 41.6216
16 1 4 11 43.1626
16 1 4 12 42.8773
16 1 4 13 40.6121
16 1 4 14 42.0478
16 1 4 15 40.2134
16 1 4 16 39.85
16 1 4 17 42.1712
16 1 4 18 38.9027
16 1 4 19 37.4234
16 1 4 20 39.2707
16 1 4 21 42.4681
16 1 4 22 42.1038
16 1 4 23 43.4618
16 1 4 24 22.8546
16 1 4 25 23.5817
16 1 4 26 21.0803
16 1 4 27 22.4912
16 1 4 28 20.7806
16 1 4 29 21.3055
16 1 4 30 24.7271
16 1 4 31 21.1682
16 1 5 0 23.2045
16 1 5 1 23.1601
16 1 5 2 20.9456
16 1 5 3 22.4299
16 1 5 4 22.8817
16 1 5 5 22.3551
16 1 5 6 22.1808
16 1 5 7 22.434
16 1 5 8 40.6853
16 1 5 9 39.3368
16 1 5 10 42.9416
16 1 5 11 41.7108
16 1 5 12 42.2812
16 1 5 13 40.5349
16 1 5 14 42.2859
16 1 5 15 43.475
16 1 5 16 41.8384
16 1 5 17 43.4364
16 1 5 18 42.5013
16 1 5 19 42.6467
16 1 5 20 42.6353
16 1 5 21 38.1597
16 1 5 22 40.7622
16 1 5 23 43.2104
16 1 5 24 22.8639
16 1 5 25 22.5585
16 1 5 26 23.3426
16 1 5 27 22.3946
16 1 5 28 20.1625
16 1 5 29 22.5606
16 1 5 30 23.4352
16 1 5 31 22.5566
16 1 6 0 24.5942
16 1 6 1 22.3525
16 1 6 2 23.6727
16 1 6 3 23.877
16 1 6 4 21.0372
16 1 6 5 22.5065
16 1 6 6 22.8761
16 1 6 7 21.1764
16 1 6 8 41.8301
16 1 6 9 44.5876
16 1 6 10 43.8754
16 1 6 11 40.3201
16 1 6 12 39.8048
16 1 6 13 41.6856
16 1 6 14 41.8543
16 1 6 15 43.8314
16 1 6 16 38.9612
16 1 6 17 40.318
16 1 6 18 41.3524
16 1 6 19 42.2622
16 1 6 20 41.2097
16 1 6 21 42.6548
16 1 6 22 44.424
16 1 6 23 42.0452
16 1 6 24 24.5969
16 1 6 25 25.0472
16 1 6 26 22.7507
16 1 6 27 23.5754
16 1 6 28 22.3755
16 1 6 29 21.1608
16 1 6 30 24.265
16 1 6 31 23.9444
16 1 7 0 23.7217
16 1 7 1 23.0294
16 1 7 2 21.2246
16 1 7 3 23.0643
16 1 7 4 22.2165
16 1 7 5 22.3635
16 1 7 6 21.9085
16 1 7 7 25.4068
16 1 7 8 39.4844
16 1 7 9 42.6824
16 1 7 10 40.2491
16 1 7 11 41.7945
16 1 7 12 42.8227
16 1 7 13 40.4058
16 1 7 14 41.5839
16 1 7 15 41.6574
16 1 7 16 39.3623
16 1 7 17 39.6649
16 1 7 18 41.4992
16 1 7 19 41.3943
16 1 7 20 39.404
16 1 7 21 40.0704
16 1 7 22 39.7027
16 1 7 23 39.9088
16 1 7 24 25.7741
16 1 7 25 24.2343
16 1 7 26 18.8988
16 1 7 27 22.7609
16 1 7 28 23.7494
16 1 7 29 22.9668
16 1 7 30 22.4002
16 1 7 31 22.0721
16 1 8 0 20.8076
16 1 8 1 23.4093
16 1 8 2 23.1951
16 1 8 3 24.2572
16 1 8 4 22.0933
16 1 8 5 24.2042
16 1 8 6 24.5556
16 1 8 7 25.3352
16 1 8 8 43.6644
16 1 8 9 44.4047
16 1 8 10 40.1744
16 1 8 11 43.2796
16 1 8 12 46.3655
16 1 8 13 45.0645
16 1 8 14 40.789
16 1 8 15 42.5302
16 1 8 16 39.5233
16 1 8 17 43.5478
16 1 8 18 44.2939
16 1 8 19 43.5663
16 1 8 20 40.7101
16 1 8 21 42.3939
16 1 8 22 39.9834
16 1 8 23 41.0769
16 1 8 24 22.3517
16 1 8 25 23.3385
16 1 8 26 20.6709
16 1 8 27 23.5058
16 1 8 28 24.7049
16 1 8 29 21.9277
16 1 8 30 22.2817
16 1 8 31 22.66
16 1 9 0 25.0941
16 1 9 1 23.1459
16 1 9 2 21.4239
16 1 9 3 23.3663
16 1 9 4 21.7961
16 1 9 5 24.8454
16 1 9 6 23.3725
16 1 9 7 22.0317
16 1 9 8 41.5035
16 1 9 9 43.8123
16 1 9 10 41.7651
16 1 9 11 44.0958
16 1 9 12 41.9312
16 1 9 13 43.7511
16 1 9 14 41.3659
16 1 9 15 44.7994
16 1 9 16 42.3764
16 1 9 17 42.873
16 1 9 18 43.8703
16 1 9 19 41.0805
16 1 9 20 39.2908
16 1 9 21 0
16 1 9 22 44.8203
16 1 9 23 43.5608
16 1 9 24 22.1238
16 1 9 25 24.4286
16 1 9 26 23.4548
16 1 9 27 22.3764
16 1 9 28 24.3466
16 1 9 29 24.0562
16 1 9 30 23.4585
16 1 9 31 22.021
16 1 10 0 24.1649
16 1 10 1 21.9359
16 1 10 2 22.2563
16 1 10 3 24.9607
16 1 10 4 18.5567
16 1 10 5 22.7811
16 1 10 6 21.7936
16 1 10 7 22.8674
16 1 10 8 42.6216
16 1 10 9 44.7898
16 1 10 10 45.3946
16 1 10 11 42.8425
16 1 10 12 42.119
16 1 10 13 43.1069
16 1 10 14 43.2662
16 1 10 15 43.2658
16 1 10 16 43.0024
16 1 10 17 41.1712
16 1 10 18 44.5473
16 1 10 19 42.7383
16 1 10 20 42.4739
16 1 10 21 39.8538
16 1 10 22 40.8137
16 1 10 23 42.0836
16 1 10 24 21.8247
16 1 10 25 21.364
16 1 10 26 24.8264
16 1 10 27 22.8718
16 1 10 28 23.0333
16 1 10 29 22.9802
16 1 10 30 23.2154
16 1 10 31 20.61
16 1 11 0 19.3239
16 1 11 1 19.0061
16 1 11 2 20.5517
16 1 11 3 20.7459
16 1 11 4 20.2972
16 1 11 5 25.1158
16 1 11 6 21.6609
16 1 11 7 19.0837
16 1 11 8 44.1901
16 1 11 9 40.5552
16 1 11 10 37.783
16 1 11 11 41.0745
16 1 11 12 39.9398
16 1 11 13 40.6899
16 1 11 14 44.5644
16 1 11 15 44.9365
16 1 11 16 39.9093
16 1 11 17 41.6284
16 1 11 18 42.2984
16 1 11 19 40.2166
16 1 11 20 38.9606
16 1 11 21 42.9852
16 1 11 22 40.2714
16 1 11 23 36.3335
16 1 11 24 20.553
16 1 11 25 19.1952
16 1 11 26 21.5103
16 1 11 27 17.6355
16 1 11 28 19.9846
16 1 11 29 19.757
16 1 11 30 22.2757
16 1 11 31 22.1789
16 1 12 0 22.0005
16 1 12 1 20.1888
16 1 12 2 20.7104
16 1 12 3 20.0076
16 1 12 4 18.5734
16 1 12 5 17.6501
16 1 12 6 19.9678
16 1 12 7 22.52
16 1 12 8 40.0699
16 1 12 9 39.3247
16 1 12 10 38.9108
16 1 12 11 38.3504
16 1 12 12 43.8886
16 1 12 13 43.1794
16 1 12 14 42.2233
16 1 12 15 43.7786
16 1 12 16 42.9604
16 1 12 17 42.7413
16 1 12 18 42.9917
16 1 12 19 41.6273
16 1 12 20 41.2662
16 1 12 21 41.1711
16 1 12 22 42.8742
16 1 12 23 36.8879
16 1 12 24 24.6166
16 1 12 25 21.1591
16 1 12 26 22.6201
16 1 12 27 18.8539
16 1 12 28 22.7306
16 1 12 29 20.1138
16 1 12 30 21.5244
16 1 12 31 19.3934
16 1 13 0 22.1873
16 1 13 1 22.7739
16 1 13 2 24.0501
16 1 13 3 24.7277
16 1 13 4 24.2859
16 1 13 5 22.441
16 1 13 6 24.0395
16 1 13 7 20.7855
16 1 13 8 44.9747
16 1 13 9 42.3247
16 1 13 10 42.5367
16 1 13 11 42.2434
16 1 13 12 42.4654
16 1 13 13 40.7419
16 1 13 14 43.3787
16 1 13 15 45.1872
16 1 13 16 43.5839
16 1 13 17 42.1622
16 1 13 18 44.0387
16 1 13 19 42.4381
16 1 13 20 43.7813
16 1 13 21 39.3952
16 1 13 22 42.6438
16 1 13 23 42.8178
16 1 13 24 24.483
16 1 13 25 19.5282
16 1 13 26 20.4507
16 1 13 27 22.2755
16 1 13 28 22.865
16 1 13 29 21.8805
16 1 13 30 23.9844
16 1 13 31 24.3287
16 1 14 0 23.6321
16 1 14 1 22.9228
16 1 14 2 24.3252
16 1 14 3 23.0597
16 1 14 4 23.8117
16 1 14 5 23.3847
16 1 14 6 24.979
16 1 14 7 22.3757
16 1 14 8 45.5961
16 1 14 9 44.9268
16 1 14 10 44.2427
16 1 14 11 45.6387
16 1 14 12 43.3974
16 1 14 13 43.3944
16 1 14 14 45.3184
16 1 14 15 41.9764
16 1 14 16 43.5589
16 1 14 17 42.4473
16 1 14 18 44.567
16 1 14 19 45.396
16 1 14 20 45.3666
16 1 14 21 44.337
16 1 14 22 43.9171
16 1 14 23 46.2024
16 1 14 24 22.4168
16 1 14 25 23.9042
16 1 14 26 23.4058
16 1 14 27 23.873
16 1 14 28 23.7824
16 1 14 29 23.7068
16 1 14 30 23.8113
16 1 14 31 24.1421
16 1 15 0 23.2999
16 1 15 1 23.6664
16 1 15 2 25.6712
16 1 15 3 24.9232
16 1 15 4 21.5548
16 1 15 5 23.012
16 1 15 6 23.0272
16 1 15 7 22.6683
16 1 15 8 39.1631
16 1 15 9 43.7171
16 1 15 10 43.7884
16 1 15 11 44.758
16 1 15 12 44.622
16 1 15 13 42.2269
16 1 15 14 43.4178
16 1 15 15 43.8197
16 1 15 16 42.4381
16 1 15 17 39.7656
16 1 15 18 42.4281
16 1 15 19 43.5872
16 1 15 20 42.5746
16 1 15 21 44.3193
16 1 15 22 38.6714
16 1 15 23 43.6119
16 1 15 24 23.7587
16 1 15 25 20.9123
16 1 15 26 17.3088
16 1 15 27 23.3435
16 1 15 28 22.9263
16 1 15 29 23.0447
16 1 15 30 24.1677
16 1 15 31 20.8462
16 1 16 0 20.2025
16 1 16 1 24.5648
16 1 16 2 21.414
16 1 16 3 22.7349
16 1 16 4 22.8965
16 1 16 5 24.5226
16 1 16 6 22.3528
16 1 16 7 22.3252
16 1 16 8 44.3503
16 1 16 9 42.6153
16 1 16 10 40.2935
16 1 16 11 40.3675
16 1 16 12 44.8007
16 1 16 13 43.9862
16 1 16 14 44.2873
16 1 16 15 45.1169
16 1 16 16 39.9936
16 1 16 17 46.9404
16 1 16 18 39.6876
16 1 16 19 44.052
16 1 16 20 42.4375
16 1 16 21 42.3691
16 1 16 22 45.3641
16 1 16 23 44.2975
16 1 16 24 20.0706
16 1 16 25 21.658
16 1 16 26 24.2446
16 1 16 27 24.1662
16 1 16 28 22.5489
16 1 16 29 21.2935
16 1 16 30 24.6624
16 1 16 31 23.2586
16 1 17 0 23.8629
16 1 17 1 24.4616
16 1 17 2 25.27
16 1 17 3 23.6806
16 1 17 4 26.0121
16 1 17 5 21.5157
16 1 17 6 25.5576
16 1 17 7 24.8532
16 1 17 8 45.0253
16 1 17 9 43.0657
16 1 17 10 43.1923
16 1 17 11 42.9798
16 1 17 12 40.3861
16 1 17 13 41.682
16 1 17 14 46.4296
16 1 17 15 43.8205
16 1 17 16 45.1093
16 1 17 17 43
16 1 17 18 44.8063
16 1 17 19 41.4462
16 1 17 20 39.378
16 1 17 21 43.317
16 1 17 22 41.7248
16 1 17 23 42.7222
16 1 17 24 25.1321
16 1 17 25 20.2005
16 1 17 26 23.4443
16 1 17 27 22.7873
16 1 17 28 23.2885
16 1 17 29 24.3367
16 1 17 30 23.5576
16 1 17 31 24.3549
2 0 0 0 21.7321
2 0 0 1 23.59
2 0 0 2 24.1063
2 0 0 3 22.6474
2 0 0 4 22.8233
2 0 0 5 24.4593
2 0 0 6 25.2879
2 0 0 7 24.3232
2 0 0 8 24.0119
2 0 0 9 24.5725
2 0 0 10 23.8111
2 0 0 11 23.6366
2 0 0 12 23.9279
2 0 0 13 24.7051
2 0 0 14 24.3467
2 0 0 15 23.6797
2 0 0 16 21.2164
2 0 0 17 23.8642
2 0 0 18 25.6743
2 0 0 19 22.9791
2 0 0 20 23.6728
2 0 0 21 21.9282
2 0 0 22 23.9541
2 0 0 23 21.1353
2 0 1 0 24.7536
2 0 1 1 25.545
2 0 1 2 22.9726
2 0 1 3 21.0733
2 0 1 4 22.6947
2 0 1 5 25.0591
2 0 1 6 23.528
2 0 1 7 20.8827
2 0 1 8 26.0012
2 0 1 9 23.8672
2 0 1 10 23.6707
2 0 1 11 21.7123
2 0 1 12 25.0151
2 0 1 13 25.0169
2 0 1 14 23.4335
2 0 1 15 24.8342
2 0 1 16 21.6277
2 0 1 17 23.8462
2 0 1 18 24.1208
2 0 1 19 24.1705
2 0 1 20 24.5893
2 0 1 21 23.037
2 0 1 22 24.9836
2 0 1 23 24.0501
2 0 2 0 26.4268
2 0 2 1 27.8488
2 0 2 2 28.5462
2 0 2 3 27.936
2 0 2 4 27.8698
2 0 2 5 27.291
2 0 2 6 27.6528
2 0 2 7 28.1671
2 0 2 8 27.9006
2 0 2 9 24.8774
2 0 2 10 27.5277
2 0 2 11 26.4608
2 0 2 12 27.2143
2 0 2 13 28.2758
2 0 2 14 25.785
2 0 2 15 26.6843
2 0 2 16 25.46
2 0 2 17 28.9209
2 0 2 18 26.5998
2 0 2 19 28.0555
2 0 2 20 28.4593
2 0 2 21 27.6185
2 0 2 22 28.3195
2 0 2 23 28.8288
2 0 3 0 25.9175
2 0 3 1 26.071
2 0 3 2 26.4106
2 0 3 3 25.8
2 0 3 4 26.4856
2 0 3 5 26.0885
2 0 3 6 26.104
2 0 3 7 26.1708
2 0 3 8 27.2312
2 0 3 9 27.3229
2 0 3 10 23.8585
2 0 3 11 25.6507
2 0 3 12 25.4597
2 0 3 13 26.4872
2 0 3 14 26.3165
2 0 3 15 26.2254
2 0 3 16 25.4263
2 0 3 17 25.9279
2 0 3 18 26.8518
2 0 3 19 27.4731
2 0 3 20 26.091
2 0 3 21 26.8075
2 0 3 22 24.9257
2 0 3 23 25.2211
2 0 4 0 25.8299
2 0 4 1 26.0991
2 0 4 2 27.317
2 0 4 3 26.0754
2 0 4 4 25.7625
2 0 4 5 27.27
2 0 4 6 27.2054
2 0 4 7 26.878
2 0 4 8 26.6891
2 0 4 9 26.7032
2 0 4 10 27.1697
2 0 4 11 27.3166
2 0 4 12 28.017
2 0 4 13 24.8947
2 0 4 14 27.1355
2 0 4 15 26.574
2 0 4 16 26.9643
2 0 4 17 25.2389
2 0 4 18 25.1834
2 0 4 19 24.8205
2 0 4 20 27.2929
2 0 4 21 25.4679
2 0 4 22 27.0399
2 0 4 23 26.3749
2 0 5 0 25.7479
2 0 5 1 26.7903
2 0 5 2 25.0166
2 0 5 3 26.8132
2 0 5 4 25.0293
2 0 5 5 25.3862
2 0 5 6 27.4606
2 0 5 7 22.3402
2 0 5 8 27.0307
2 0 5 9 28.5378
2 0 5 10 29.2827
2 0 5 11 26.7954
2 0 5 12 24.0608
2 0 5 13 27.2544
2 0 5 14 20.8698
2 0 5 15 25.9235
2 0 5 16 23.231
2 0 5 17 27.6341
2 0 5 18 26.5018
2 0 5 19 27.7884
2 0 5 20 28.4051
2 0 5 21 27.0232
2 0 5 22 25.3581
2 0 5 23 28.6728
2 0 6 0 25.8711
2 0 6 1 24.1605
2 0 6 2 26.2242
2 0 6 3 27.0315
2 0 6 4 26.4245
2 0 6 5 26.8539
2 0 6 6 25.1612
2 0 6 7 25.1472
2 0 6 8 27.4203
2 0 6 9 25.5737
2 0 6 10 25.9192
2 0 6 11 25.5617
2 0 6 12 24.6189
2 0 6 13 26.8578
2 0 6 14 27.0557
2 0 6 15 26.3974
2 0 6 16 24.8401
2 0 6 17 25.9533
2 0 6 18 26.7913
2 0 6 19 23.048
2 0 6 20 25.1836
2 0 6 21 26.0435
2 0 6 22 25.6663
2 0 6 23 23.6811
2 0 7 0 22.6275
2 0 7 1 23.4036
2 0 7 2 24.3889
2 0 7 3 23.6444
2 0 7 4 23.9474
2 0 7 5 23.6226
2 0 7 6 24.3341
2 0 7 7 22.0631
2 0 7 8 25.002
2 0 7 9 26.6651
2 0 7 10 24.0685
2 0 7 11 22.4675
2 0 7 12 22.6778
2 0 7 13 24.5656
2 0 7 14 25.4704
2 0 7 15 24.314
2 0 7 16 24.1349
2 0 7 17 25.9265
2 0 7 18 24.9755
2 0 7 19 26.0312
2 0 7 20 25.0321
2 0 7 21 23.1137
2 0 7 22 23.6414
2 0 7 23 24.9511
2 0 8 0 25.3308
2 0 8 1 26.7607
2 0 8 2 27.1858
2 0 8 3 26.1031
2 0 8 4 27.0224
2 0 8 5 26.2158
2 0 8 6 27.3034
2 0 8 7 25.7255
2 0 8 8 25.7939
2 0 8 9 26.0109
2 0 8 10 28.4874
2 0 8 11 24.5517
2 0 8 12 25.8484
2 0 8 13 26.4791
2 0 8 14 23.7926
2 0 8 15 26.5109
2 0 8 16 26.6794
2 0 8 17 20.88
2 0 8 18 26.6614
2 0 8 19 26.0465
2 0 8 20 26.5365
2 0 8 21 21.5219
2 0 8 22 26.3396
2 0 8 23 25.9301
2 0 9 0 24.6447
2 0 9 1 25.2691
2 0 9 2 26.9743
2 0 9 3 27.7428
2 0 9 4 26.0566
2 0 9 5 25.5129
2 0 9 6 27.0854
2 0 9 7 27.3202
2 0 9 8 26.5049
2 0 9 9 26.3943
2 0 9 10 27.3647
2 0 9 11 27.3819
2 0 9 12 27.992
2 0 9 13 26.3715
2 0 9 14 28.1271
2 0 9 15 27.0337
2 0 9 16 26.7767
2 0 9 17 26.8213
2 0 9 18 27.4759
2 0 9 19 28.7199
2 0 9 20 27.2163
2 0 9 21 25.8127
2 0 9 22 27.952
2 0 9 23 26.88
2 0 10 0 23.6791
2 0 10 1 25.9475
2 0 10 2 26.0275
2 0 10 3 26.407
2 0 10 4 27.841
2 0 10 5 24.0834
2 0 10 6 25.7426
2 0 10 7 27.2962
2 0 10 8 28.2818
2 0 10 9 26.9345
2 0 10 10 26.7134
2 0 10 11 24.2976
2 0 10 12 27.3939
2 0 10 13 26.9052
2 0 10 14 26.9132
2 0 10 15 21.9287
2 0 10 16 22.2143
2 0 10 17 26.8332
2 0 10 18 26.3846
2 0 10 19 26.8075
2 0 10 20 25.5904
2 0 10 21 26.571
2 0 10 22 22.1653
2 0 10 23 26.5171
2 1 0 0 24.4056
2 1 0 1 24.0008
2 1 0 2 24.8199
2 1 0 3 24.5361
2 1 0 4 24.3547
2 1 0 5 24.8243
2 1 0 6 25.3433
2 1 0 7 24.5744
2 1 0 8 25.3337
2 1 0 9 24.5379
2 1 0 10 24.8098
2 1 0 11 23.8962
2 1 0 12 24.8007
2 1 0 13 24.9253
2 1 0 14 24.31
2 1 0 15 24.1963
2 1 0 16 25.2281
2 1 0 17 24.1518
2 1 0 18 25.5638
2 1 0 19 25.1012
2 1 0 20 24.6851
2 1 0 21 24.8465
2 1 0 22 24.4303
2 1 0 23 25.665
2 1 1 0 24.3829
2 1 1 1 25.0185
2 1 1 2 23.4988
2 1 1 3 23.2576
2 1 1 4 26.4643
2 1 1 5 25.2912
2 1 1 6 24.9238
2 1 1 7 25.5293
2 1 1 8 27.0741
2 1 1 9 27.847
2 1 1 10 23.8808
2 1 1 11 24.1701
2 1 1 12 24.8483
2 1 1 13 25.8892
2 1 1 14 24.3178
2 1 1 15 24.8744
2 1 1 16 25.1483
2 1 1 17 25.5478
2 1 1 18 25.8951
2 1 1 19 25.503
2 1 1 20 25.2226
2 1 1 21 23.5752
2 1 1 22 23.4079
2 1 1 23 24.9483
2 1 2 0 26.1557
2 1 2 1 24.9873
2 1 2 2 26.2094
2 1 2 3 26.7366
2 1 2 4 25.522
2 1 2 5 25.689
2 1 2 6 25.5334
2 1 2 7 26.5075
2 1 2 8 23.412
2 1 2 9 24.2324
2 1 2 10 26.0661
2 1 2 11 26.5633
2 1 2 12 25.556
2 1 2 13 26.6605
2 1 2 14 25.8384
2 1 2 15 25.747
2 1 2 16 26.0861
2 1 2 17 23.2773
2 1 2 18 25.3225
2 1 2 19 25.7874
2 1 2 20 27.3697
2 1 2 21 24.774
2 1 2 22 23.7209
2 1 2 23 24.7813
2 1 3 0 25.2853
2 1 3 1 24.2837
2 1 3 2 24.6281
2 1 3 3 25.8624
2 1 3 4 26.4955
2 1 3 5 24.949
2 1 3 6 23.5762
2 1 3 7 25.0527
2 1 3 8 25.1139
2 1 3 9 26.3091
2 1 3 10 25.0885
2 1 3 11 23.8226
2 1 3 12 23.1446
2 1 3 13 24.416
2 1 3 14 23.6127
2 1 3 15 24.3699
2 1 3 16 25.3896
2 1 3 17 25.2401
2 1 3 18 26.4141
2 1 3 19 25.2161
2 1 3 20 25.1403
2 1 3 21 25.8672
2 1 3 22 24.3834
2 1 3 23 25.4779
2 1 4 0 25.1465
2 1 4 1 25.7814
2 1 4 2 25.1164
2 1 4 3 24.9453
2 1 4 4 25.7488
2 1 4 5 25.2267
2 1 4 6 26.2014
2 1 4 7 25.1339
2 1 4 8 24.0495
2 1 4 9 24.7869
2 1 4 10 24.654
2 1 4 11 24.514
2 1 4 12 23.9672
2 1 4 13 24.8328
2 1 4 14 25.8814
2 1 4 15 24.9658
2 1 4 16 24.4424
2 1 4 17 25.4564
2 1 4 18 25.4293
2 1 4 19 25.2454
2 1 4 20 25.4648
2 1 4 21 24.543
2 1 4 22 26.3023
2 1 4 23 27.5815
2 1 5 0 25.2899
2 1 5 1 25.5175
2 1 5 2 24.2477
2 1 5 3 26.6112
2 1 5 4 24.602
2 1 5 5 26.8226
2 1 5 6 26.4746
2 1 5 7 25.9731
2 1 5 8 25.4062
2 1 5 9 22.0354
2 1 5 10 26.0626
2 1 5 11 26.0069
2 1 5 12 24.8861
2 1 5 13 25.3406
2 1 5 14 25.6946
2 1 5 15 21.5314
2 1 5 16 26.0863
2 1 5 17 24.2032
2 1 5 18 24.3597
2 1 5 19 24.8748
2 1 5 20 24.7156
2 1 5 21 25.2056
2 1 5 22 25.4415
2 1 5 23 23.9341
2 1 6 0 26.9093
2 1 6 1 26.3504
2 1 6 2 27.4752
2 1 6 3 24.7888
2 1 6 4 27.7247
2 1 6 5 27.0667
2 1 6 6 26.9434
2 1 6 7 24.4101
2 1 6 8 26.271
2 1 6 9 26.558
2 1 6 10 26.5284
2 1 6 11 27.1706
2 1 6 12 25.5436
2 1 6 13 26.5376
2 1 6 14 25.9268
2 1 6 15 27.1692
2 1 6 16 25.2481
2 1 6 17 27.0935
2 1 6 18 26.6077
2 1 6 19 27.428
2 1 6 20 28.4803
2 1 6 21 27.6252
2 1 6 22 26.954
2 1 6 23 24.9274
2 1 7 0 25.9904
2 1 7 1 24.3782
2 1 7 2 24.5
2 1 7 3 24.7303
2 1 7 4 24.4307
2 1 7 5 26.8838
2 1 7 6 24.3815
2 1 7 7 24.7956
2 1 7 8 27.1201
2 1 7 9 25.9711
2 1 7 10 22.9595
2 1 7 11 27.0224
2 1 7 12 26.0716
2 1 7 13 26.5864
2 1 7 14 25.5836
2 1 7 15 26.3876
2 1 7 16 26.3612
2 1 7 17 26.2964
2 1 7 18 24.8685
2 1 7 19 27.2879
2 1 7 20 26.1519
2 1 7 21 26.1583
2 1 7 22 23.3855
2 1 7 23 26.3968
2 1 8 0 25.9671
2 1 8 1 26.5114
2 1 8 2 25.8729
2 1 8 3 25.0169
2 1 8 4 22.6265
2 1 8 5 27.1924
2 1 8 6 25.4579
2 1 8 7 24.4574
2 1 8 8 24.2743
2 1 8 9 23.5848
2 1 8 10 24.2718
2 1 8 11 24.249
2 1 8 12 23.1828
2 1 8 13 26.9192
2 1 8 14 25.354
2 1 8 15 27.301
2 1 8 16 25.8225
2 1 8 17 25.0161
2 1 8 18 25.6462
2 1 8 19 26.9911
2 1 8 20 25.8044
2 1 8 21 26.1217
2 1 8 22 25.5301
2 1 8 23 25.5009
2 1 9 0 25.1868
2 1 9 1 25.3197
2 1 9 2 24.6388
2 1 9 3 26.6054
2 1 9 4 27.6213
2 1 9 5 27.9165
2 1 9 6 24.157
2 1 9 7 27.4117
2 1 9 8 28.213
2 1 9 9 28.0649
2 1 9 10 28.3503
2 1 9 11 27.155
2 1 9 12 27.1528
2 1 9 13 27.62
2 1 9 14 28.3444
2 1 9 15 28.2045
2 1 9 16 27.0412
2 1 9 17 27.9504
2 1 9 18 27.438
2 1 9 19 28.8996
2 1 9 20 26.8756
2 1 9 21 28.4711
2 1 9 22 25.2509
2 1 9 23 27.1482
2 1 10 0 24.0822
2 1 10 1 22.8865
2 1 10 2 24.0058
2 1 10 3 27.4068
2 1 10 4 26.2757
2 1 10 5 24.2647
2 1 10 6 21.3532
2 1 10 7 23.2059
2 1 10 8 24.9112
2 1 10 9 26.0642
2 1 10 10 26.5898
2 1 10 11 25.4342
2 1 10 12 24.681
2 1 10 13 25.3766
2 1 10 14 26.6469
2 1 10 15 24.7733
2 1 10 16 24.6899
2 1 10 17 24.7553
2 1 10 18 25.0823
2 1 10 19 23.1421
2 1 10 20 26.5223
2 1 10 21 25.7339
2 1 10 22 26.9886
2 1 10 23 26.3374
3 0 0 0 25.3724
3 0 0 1 21.8832
3 0 0 2 25.4525
3 0 0 3 24.6036
3 0 0 4 24.0717
3 0 0 5 23.8759
3 0 0 6 24.8713
3 0 0 7 24.7708
3 0 0 8 23.1137
3 0 0 9 24.8381
3 0 0 10 25.0781
3 0 0 11 24.0136
3 0 0 12 22.6653
3 0 0 13 25.1155
3 0 0 14 23.4097
3 0 0 15 24.6749
3 0 0 16 23.1176
3 0 0 17 24.5042
3 0 0 18 24.0974
3 0 0 19 24.3349
3 0 0 20 24.7664
3 0 0 21 23.4778
3 0 0 22 23.3591
3 0 0 23 25.5629
3 0 1 0 24.3392
3 0 1 1 25.11
3 0 1 2 23.9371
3 0 1 3 22.9922
3 0 1 4 22.853
3 0 1 5 22.3521
3 0 1 6 20.5536
3 0 1 7 23.1155
3 0 1 8 21.5945
3 0 1 9 25.2128
3 0 1 10 25.6233
3 0 1 11 23.8199
3 0 1 12 24.5881
3 0 1 13 24.2584
3 0 1 14 25.0212
3 0 1 15 21.5015
3 0 1 16 24.7428
3 0 1 17 25.0108
3 0 1 18 26.0556
3 0 1 19 24.3119
3 0 1 20 24.4208
3 0 1 21 23.3911
3 0 1 22 23.988
3 0 1 23 25.054
3 0 2 0 22.3892
3 0 2 1 21.2438
3 0 2 2 24.8469
3 0 2 3 24.1875
3 0 2 4 21.1695
3 0 2 5 24.9427
3 0 2 6 22.0277
3 0 2 7 22.7613
3 0 2 8 22.9728
3 0 2 9 24.9618
3 0 2 10 21.4911
3 0 2 11 23.3258
3 0 2 12 21.4278
3 0 2 13 24.2148
3 0 2 14 21.7787
3 0 2 15 23.428
3 0 2 16 21.4306
3 0 2 17 23.191
3 0 2 18 24.775
3 0 2 19 24.1221
3 0 2 20 24.7583
3 0 2 21 24.2691
3 0 2 22 21.2278
3 0 2 23 21.8104
3 0 3 0 24.2858
3 0 3 1 24.2124
3 0 3 2 23.8822
3 0 3 3 23.7511
3 0 3 4 24.1926
3 0 3 5 24.7658
3 0 3 6 25.4716
3 0 3 7 25.1455
3 0 3 8 25.4217
3 0 3 9 24.37
3 0 3 10 24.765
3 0 3 11 25.3838
3 0 3 12 23.5892
3 0 3 13 25.2437
3 0 3 14 24.3768
3 0 3 15 25.6657
3 0 3 16 22.4917
3 0 3 17 24.831
3 0 3 18 24.1895
3 0 3 19 25.4671
3 0 3 20 25.5082
3 0 3 21 26.1473
3 0 3 22 24.7871
3 0 3 23 24.8845
3 0 4 0 26.0766
3 0 4 1 24.8989
3 0 4 2 27.3388
3 0 4 3 24.2219
3 0 4 4 24.5858
3 0 4 5 25.491
3 0 4 6 25.7798
3 0 4 7 24.909
3 0 4 8 26.4294
3 0 4 9 26.3084
3 0 4 10 25.5447
3 0 4 11 25.1476
3 0 4 12 25.3462
3 0 4 13 25.757
3 0 4 14 26.8483
3 0 4 15 25.8297
3 0 4 16 25.9019
3 0 4 17 26.1974
3 0 4 18 24.3683
3 0 4 19 26.503
3 0 4 20 25.0101
3 0 4 21 26.8785
3 0 4 22 26.2282
3 0 4 23 27.5661
3 0 5 0 26.203
3 0 5 1 25.7209
3 0 5 2 27.1413
3 0 5 3 27.0081
3 0 5 4 27.1357
3 0 5 5 26.8812
3 0 5 6 24.5316
3 0 5 7 27.0409
3 0 5 8 27.3673
3 0 5 9 28.0429
3 0 5 10 27.4301
3 0 5 11 26.5875
3 0 5 12 26.3014
3 0 5 13 25.4667
3 0 5 14 27.897
3 0 5 15 26.3376
3 0 5 16 26.1228
3 0 5 17 27.0775
3 0 5 18 27.182
3 0 5 19 26.3763
3 0 5 20 27.4917
3 0 5 21 26.8575
3 0 5 22 25.7491
3 0 5 23 26.0272
3 0 6 0 23.0521
3 0 6 1 21.8473
3 0 6 2 23.5978
3 0 6 3 25.7201
3 0 6 4 21.6093
3 0 6 5 21.678
3 0 6 6 19.2622
3 0 6 7 22.8221
3 0 6 8 22.6107
3 0 6 9 24.1868
3 0 6 10 23.198
3 0 6 11 21.1044
3 0 6 12 20.4128
3 0 6 13 19.0143
3 0 6 14 24.3823
3 0 6 15 22.8758
3 0 6 16 20.8563
3 0 6 17 20.3072
3 0 6 18 20.7725
3 0 6 19 22.5194
3 0 6 20 21.6944
3 0 6 21 25.8351
3 0 6 22 20.8913
3 0 6 23 20.7078
3 0 7 0 23.0707
3 0 7 1 22.372
3 0 7 2 26.5941
3 0 7 3 25.0506
3 0 7 4 24.1834
3 0 7 5 25.9329
3 0 7 6 24.1609
3 0 7 7 26.5941
3 0 7 8 20.9207
3 0 7 9 23.01
3 0 7 10 21.9828
3 0 7 11 23.3503
3 0 7 12 25.6096
3 0 7 13 24.9408
3 0 7 14 26.0211
3 0 7 15 23.6401
3 0 7 16 27.7436
3 0 7 17 27.2305
3 0 7 18 27.1785
3 0 7 19 25.9184
3 0 7 20 24.7327
3 0 7 21 24.9853
3 0 7 22 26.5237
3 0 7 23 22.5564
3 0 8 0 26.2831
3 0 8 1 25.6263
3 0 8 2 25.0143
3 0 8 3 24.9742
3 0 8 4 25.8473
3 0 8 5 26.0046
3 0 8 6 25.5979
3 0 8 7 25.5336
3 0 8 8 26.2342
3 0 8 9 26.3897
3 0 8 10 25.5303
3 0 8 11 26.1043
3 0 8 12 24.8739
3 0 8 13 27.2737
3 0 8 14 26.7996
3 0 8 15 25.2056
3 0 8 16 25.6911
3 0 8 17 27.5438
3 0 8 18 23.8508
3 0 8 19 26.5371
3 0 8 20 23.5963
3 0 8 21 23.5623
3 0 8 22 24.0942
3 0 8 23 25.1457
3 0 9 0 25.1874
3 0 9 1 25.1106
3 0 9 2 24.6702
3 0 9 3 24.6114
3 0 9 4 25.6916
3 0 9 5 25.255
3 0 9 6 24.6802
3 0 9 7 26.5062
3 0 9 8 24.7846
3 0 9 9 25.9613
3 0 9 10 25.2152
3 0 9 11 26.233
3 0 9 12 23.9269
3 0 9 13 23.8174
3 0 9 14 22.6344
3 0 9 15 24.6468
3 0 9 16 24.0467
3 0 9 17 27.5456
3 0 9 18 25.8141
3 0 9 19 25.0043
3 0 9 20 26.5849
3 0 9 21 23.4582
3 0 9 22 25.5755
3 0 9 23 26.3807
3 0 10 0 27.2487
3 0 10 1 27.5131
3 0 10 2 26.9696
3 0 10 3 28.8174
3 0 10 4 28.8854
3 0 10 5 29.5923
3 0 10 6 29.7122
3 0 10 7 30.103
3 0 10 8 27.5968
3 0 10 9 27.3415
3 0 10 10 26.333
3 0 10 11 26.6238
3 0 10 12 25.5289
3 0 10 13 27.1704
3 0 10 14 0
3 0 10 15 24.8752
3 0 10 16 28.2455
3 0 10 17 26.3526
3 0 10 18 26.9815
3 0 10 19 25.2016
3 0 10 20 27.4147
3 0 10 21 27.3815
3 0 10 22 27.594
3 0 10 23 26.8521
3 1 0 0 23.3303
3 1 0 1 23.7375
3 1 0 2 22.9108
3 1 0 3 23.4766
3 1 0 4 23.772
3 1 0 5 23.5729
3 1 0 6 22.9621
3 1 0 7 23.4819
3 1 0 8 24.5263
3 1 0 9 22.3288
3 1 0 10 23.448
3 1 0 11 22.5074
3 1 0 12 23.5704
3 1 0 13 23.6199
3 1 0 14 23.0979
3 1 0 15 23.0827
3 1 0 16 25.2693
3 1 0 17 24.3137
3 1 0 18 23.8423
3 1 0 19 23.7513
3 1 0 20 24.9754
3 1 0 21 24.5557
3 1 0 22 23.7767
3 1 0 23 23.9222
3 1 1 0 24.3382
3 1 1 1 24.1695
3 1 1 2 24.5481
3 1 1 3 25.2501
3 1 1 4 24.7964
3 1 1 5 24.4708
3 1 1 6 24.0544
3 1 1 7 23.0911
3 1 1 8 25.4821
3 1 1 9 23.2075
3 1 1 10 24.226
3 1 1 11 24.3514
3 1 1 12 23.1848
3 1 1 13 22.9256
3 1 1 14 25.3237
3 1 1 15 23.6993
3 1 1 16 24.5996
3 1 1 17 23.753
3 1 1 18 24.8719
3 1 1 19 24.6452
3 1 1 20 25.1692
3 1 1 21 23.4585
3 1 1 22 25.2496
3 1 1 23 24.5347
3 1 2 0 23.935
3 1 2 1 23.4784
3 1 2 2 25.5295
3 1 2 3 24.9375
3 1 2 4 25.0356
3 1 2 5 21.6622
3 1 2 6 24.7856
3 1 2 7 21.3358
3 1 2 8 20.6118
3 1 2 9 21.9077
3 1 2 10 24.7722
3 1 2 11 19.9624
3 1 2 12 23.2301
3 1 2 13 20.148
3 1 2 14 26.1172
3 1 2 15 22.9937
3 1 2 16 21.2585
3 1 2 17 23.7102
3 1 2 18 23.4669
3 1 2 19 23.14
3 1 2 20 25.0649
3 1 2 21 24.1093
3 1 2 22 23.2331
3 1 2 23 21.3001
3 1 3 0 25.3103
3 1 3 1 23.6629
3 1 3 2 25.191
3 1 3 3 23.9095
3 1 3 4 23.6182
3 1 3 5 24.3953
3 1 3 6 22.8627
3 1 3 7 24.124
3 1 3 8 24.681
3 1 3 9 23.222
3 1 3 10 25.0845
3 1 3 11 24.9768
3 1 3 12 23.7623
3 1 3 13 25.8033
3 1 3 14 24.008
3 1 3 15 23.3605
3 1 3 16 24.5186
3 1 3 17 23.2981
3 1 3 18 24.0468
3 1 3 19 23.4996
3 1 3 20 24.3219
3 1 3 21 24.203
3 1 3 22 23.0052
3 1 3 23 26.8307
3 1 4 0 25.1694
3 1 4 1 25.4854
3 1 4 2 25.0021
3 1 4 3 25.0779
3 1 4 4 25.7605
3 1 4 5 25.8028
3 1 4 6 23.1293
3 1 4 7 24.1849
3 1 4 8 25.3463
3 1 4 9 23.7093
3 1 4 10 26.3573
3 1 4 11 24.611
3 1 4 12 22.3557
3 1 4 13 22.6714
3 1 4 14 24.0758
3 1 4 15 22.7458
3 1 4 16 24.762
3 1 4 17 26.2823
3 1 4 18 25.0943
3 1 4 19 25.3336
3 1 4 20 24.7641
3 1 4 21 24.2418
3 1 4 22 22.9182
3 1 4 23 24.3606
3 1 5 0 24.737
3 1 5 1 25.9018
3 1 5 2 25.2075
3 1 5 3 24.2448
3 1 5 4 24.8481
3 1 5 5 26.0672
3 1 5 6 25.0363
3 1 5 7 23.6473
3 1 5 8 25.2045
3 1 5 9 25.3287
3 1 5 10 25.7686
3 1 5 11 23.5533
3 1 5 12 22.405
3 1 5 13 26.9047
3 1 5 14 24.4852
3 1 5 15 24.092
3 1 5 16 24.7769
3 1 5 17 23.7796
3 1 5 18 23.749
3 1 5 19 25.283
3 1 5 20 23.5447
3 1 5 21 25.9881
3 1 5 22 26.1005
3 1 5 23 23.459
3 1 6 0 22.5525
3 1 6 1 24.3373
3 1 6 2 22.9209
3 1 6 3 25.9992
3 1 6 4 25.3639
3 1 6 5 22.8982
3 1 6 6 24.4155
3 1 6 7 26.449
3 1 6 8 24.5987
3 1 6 9 25.8203
3 1 6 10 24.2453
3 1 6 11 23.0591
3 1 6 12 21.6975
3 1 6 13 22.8471
3 1 6 14 21.8255
3 1 6 15 21.654
3 1 6 16 24.9872
3 1 6 17 25.5658
3 1 6 18 25.0265
3 1 6 19 21.3734
3 1 6 20 22.6645
3 1 6 21 26.015
3 1 6 22 25.8945
3 1 6 23 22.6659
3 1 7 0 26.264
3 1 7 1 28.6897
3 1 7 2 25.3618
3 1 7 3 25.7487
3 1 7 4 26.9919
3 1 7 5 25.6727
3 1 7 6 24.6243
3 1 7 7 25.232
3 1 7 8 25.3212
3 1 7 9 25.7298
3 1 7 10 24.9826
3 1 7 11 23.3045
3 1 7 12 27.4769
3 1 7 13 26.5934
3 1 7 14 27.647
3 1 7 15 27.4401
3 1 7 16 27.0794
3 1 7 17 27.0691
3 1 7 18 26.5394
3 1 7 19 27.5795
3 1 7 20 27.8844
3 1 7 21 26.3285
3 1 7 22 23.9512
3 1 7 23 21.407
3 1 8 0 25.5144
3 1 8 1 26.4476
3 1 8 2 24.2142
3 1 8 3 27.1795
3 1 8 4 23.4581
3 1 8 5 25.7518
3 1 8 6 26.4568
3 1 8 7 27.5069
3 1 8 8 26.7824
3 1 8 9 26.8565
3 1 8 10 27.5171
3 1 8 11 23.5095
3 1 8 12 23.114
3 1 8 13 24.154
3 1 8 14 25.2368
3 1 8 15 23.7952
3 1 8 16 26.6016
3 1 8 17 24.4193
3 1 8 18 25.686
3 1 8 19 26.7692
3 1 8 20 26.41
3 1 8 21 25.8164
3 1 8 22 26.687
3 1 8 23 26.9028
3 1 9 0 23.7606
3 1 9 1 23.4155
3 1 9 2 23.1143
3 1 9 3 22.6096
3 1 9 4 24.7101
3 1 9 5 24.3042
3 1 9 6 24.3389
3 1 9 7 22.8533
3 1 9 8 23.1214
3 1 9 9 24.658
3 1 9 10 24.9535
3 1 9 11 25.1111
3 1 9 12 24.8378
3 1 9 13 25.0563
3 1 9 14 25.7607
3 1 9 15 23.3948
3 1 9 16 20.0489
3 1 9 17 25.4493
3 1 9 18 28.0154
3 1 9 19 26.0238
3 1 9 20 23.6714
3 1 9 21 24.0691
3 1 9 22 21.8259
3 1 9 23 25.8316
3 1 10 0 24.1178
3 1 10 1 25.3808
3 1 10 2 24.8591
3 1 10 3 25.9601
3 1 10 4 24.7801
3 1 10 5 23.6683
3 1 10 6 23.4067
3 1 10 7 24.1399
3 1 10 8 25.0433
3 1 10 9 24.8474
3 1 10 10 25.1481
3 1 10 11 26.5134
3 1 10 12 25.2547
3 1 10 13 23.4939
3 1 10 14 24.1724
3 1 10 15 24.1659
3 1 10 16 25.6695
3 1 10 17 25.1861
3 1 10 18 23.7436
3 1 10 19 25.5131
3 1 10 20 26.9489
3 1 10 21 24.6614
3 1 10 22 25.7128
3 1 10 23 24.7195
4 0 0 0 25.9669
4 0 0 1 26.2406
4 0 0 2 25.7181
4 0 0 3 26.8019
4 0 0 4 26.0622
4 0 0 5 25.983
4 0 0 6 26.7918
4 0 0 7 20.5755
4 0 0 8 24.92
4 0 0 9 24.8192
4 0 0 10 24.5641
4 0 0 11 24.8314
4 0 0 12 25.7276
4 0 0 13 24.9473
4 0 0 14 24.1153
4 0 0 15 24.9128
4 0 0 16 24.7953
4 0 0 17 25.6229
4 0 0 18 23.9857
4 0 0 19 24.9731
4 0 0 20 23.174
4 0 0 21 23.158
4 0 0 22 22.5495
4 0 0 23 25.9418
4 0 1 0 26.5179
4 0 1 1 25.3052
4 0 1 2 26.1718
4 0 1 3 25.6241
4 0 1 4 26.7732
4 0 1 5 23.1963
4 0 1 6 26.1365
4 0 1 7 27.1133
4 0 1 8 26.5564
4 0 1 9 24.5167
4 0 1 10 24.2036
4 0 1 11 24.8599
4 0 1 12 28.3974
4 0 1 13 25.6817
4 0 1 14 27.1242
4 0 1 15 22.7678
4 0 1 16 27.1251
4 0 1 17 27.2768
4 0 1 18 24.4598
4 0 1 19 26.5622
4 0 1 20 27.8335
4 0 1 21 26.4011
4 0 1 22 26.3348
4 0 1 23 26.1182
4 0 2 0 24.131
4 0 2 1 23.4651
4 0 2 2 25.2323
4 0 2 3 25.6185
4 0 2 4 27.1827
4 0 2 5 26.5609
4 0 2 6 28.2405
4 0 2 7 26.0486
4 0 2 8 27.0971
4 0 2 9 26.0182
4 0 2 10 26.2863
4 0 2 11 25.6979
4 0 2 12 25.4031
4 0 2 13 25.8603
4 0 2 14 26.0953
4 0 2 15 25.415
4 0 2 16 24.7598
4 0 2 17 25.2712
4 0 2 18 25.6558
4 0 2 19 24.6347
4 0 2 20 25.425
4 0 2 21 25.7806
4 0 2 22 25.8004
4 0 2 23 25.7005
4 0 3 0 24.7823
4 0 3 1 26.4311
4 0 3 2 27.8341
4 0 3 3 27.3839
4 0 3 4 23.9165
4 0 3 5 27.0827
4 0 3 6 24.6807
4 0 3 7 24.5816
4 0 3 8 26.6208
4 0 3 9 26.3163
4 0 3 10 27.1544
4 0 3 11 26.435
4 0 3 12 27.3512
4 0 3 13 27.3799
4 0 3 14 26.9688
4 0 3 15 28.1516
4 0 3 16 26.931
4 0 3 17 25.4195
4 0 3 18 26.6215
4 0 3 19 27.1949
4 0 3 20 27.5175
4 0 3 21 26.4446
4 0 3 22 26.2587
4 0 3 23 26.8653
4 0 4 0 25.5957
4 0 4 1 25.4663
4 0 4 2 25.04
4 0 4 3 25.6094
4 0 4 4 25.3356
4 0 4 5 26.0744
4 0 4 6 25.4929
4 0 4 7 26.4761
4 0 4 8 26.0653
4 0 4 9 25.9664
4 0 4 10 25.1883
4 0 4 11 25.4774
4 0 4 12 24.8869
4 0 4 13 25.9435
4 0 4 14 26.8087
4 0 4 15 26.8944
4 0 4 16 25.136
4 0 4 17 26.072
4 0 4 18 25.1455
4 0 4 19 24.0076
4 0 4 20 25.1633
4 0 4 21 26.109
4 0 4 22 26.2325
4 0 4 23 24.921
4 0 5 0 24.8317
4 0 5 1 25.9207
4 0 5 2 25.1943
4 0 5 3 25.3277
4 0 5 4 24.6944
4 0 5 5 24.9268
4 0 5 6 23.5315
4 0 5 7 26.0283
4 0 5 8 26.2992
4 0 5 9 27.1323
4 0 5 10 26.6797
4 0 5 11 26.8201
4 0 5 12 26.7023
4 0 5 13 26.7263
4 0 5 14 23.7822
4 0 5 15 26.1312
4 0 5 16 25.9817
4 0 5 17 27.024
4 0 5 18 26.9035
4 0 5 19 26.8106
4 0 5 20 26.3428
4 0 5 21 26.1861
4 0 5 22 27.4709
4 0 5 23 27.8711
4 0 6 0 26.1677
4 0 6 1 26.6794
4 0 6 2 26.0747
4 0 6 3 25.0846
4 0 6 4 25.719
4 0 6 5 23.8654
4 0 6 6 26.5583
4 0 6 7 28.4283
4 0 6 8 27.6637
4 0 6 9 27.4464
4 0 6 10 25.6122
4 0 6 11 26.9207
4 0 6 12 25.5807
4 0 6 13 27.0468
4 0 6 14 26.9231
4 0 6 15 27.1627
4 0 6 16 26.7675
4 0 6 17 27.3367
4 0 6 18 27.3551
4 0 6 19 27.9329
4 0 6 20 28.15
4 0 6 21 27.0807
4 0 6 22 26.6343
4 0 6 23 24.3078
4 0 7 0 23.931
4 0 7 1 22.7329
4 0 7 2 22.7814
4 0 7 3 26.8812
4 0 7 4 25.9841
4 0 7 5 24.4693
4 0 7 6 25.6818
4 0 7 7 21.1099
4 0 7 8 23.8581
4 0 7 9 24.0855
4 0 7 10 25.2721
4 0 7 11 23.9055
4 0 7 12 25.1373
4 0 7 13 23.981
4 0 7 14 25.6138
4 0 7 15 25.0483
4 0 7 16 24.1597
4 0 7 17 25.9962
4 0 7 18 26.6271
4 0 7 19 25.7502
4 0 7 20 24.9205
4 0 7 21 25.3478
4 0 7 22 25.6191
4 0 7 23 26.2108
4 0 8 0 23.153
4 0 8 1 25.9673
4 0 8 2 21.0503
4 0 8 3 25.3064
4 0 8 4 26.5163
4 0 8 5 26.3728
4 0 8 6 26.4609
4 0 8 7 24.1925
4 0 8 8 26.6154
4 0 8 9 27.0158
4 0 8 10 27.2463
4 0 8 11 28.089
4 0 8 12 26.9086
4 0 8 13 26.3464
4 0 8 14 27.1441
4 0 8 15 27.1653
4 0 8 16 26.5863
4 0 8 17 26.2041
4 0 8 18 27.7281
4 0 8 19 28.0439
4 0 8 20 25.7893
4 0 8 21 25.5945
4 0 8 22 25.4524
4 0 8 23 26.1669
4 0 9 0 23.9024
4 0 9 1 26.1918
4 0 9 2 28.1666
4 0 9 3 26.8246
4 0 9 4 26.8535
4 0 9 5 28.4687
4 0 9 6 27.7078
4 0 9 7 27.4965
4 0 9 8 27.2848
4 0 9 9 27.3014
4 0 9 10 27.0756
4 0 9 11 26.8526
4 0 9 12 27.3388
4 0 9 13 26.3291
4 0 9 14 26.6613
4 0 9 15 25.9905
4 0 9 16 27.3984
4 0 9 17 26.5333
4 0 9 18 27.3354
4 0 9 19 27.4372
4 0 9 20 28.7249
4 0 9 21 26.2844
4 0 9 22 26.6903
4 0 9 23 25.4556
4 0 10 0 21.8839
4 0 10 1 25.0265
4 0 10 2 24.5957
4 0 10 3 22.7641
4 0 10 4 21.7788
4 0 10 5 25.5396
4 0 10 6 23.9352
4 0 10 7 25.5781
4 0 10 8 24.6922
4 0 10 9 22.801
4 0 10 10 24.4999
4 0 10 11 24.4292
4 0 10 12 22.0532
4 0 10 13 24.3952
4 0 10 14 23.8041
4 0 10 15 26.0809
4 0 10 16 24.9894
4 0 10 17 24.5394
4 0 10 18 25.9428
4 0 10 19 24.4563
4 0 10 20 23.4108
4 0 10 21 23.5007
4 0 10 22 23.2528
4 0 10 23 24.2474
4 1 0 0 25.2127
4 1 0 1 25.1435
4 1 0 2 23.9805
4 1 0 3 24.4742
4 1 0 4 25.6443
4 1 0 5 25.807
4 1 0 6 25.2725
4 1 0 7 25.2961
4 1 0 8 24.8511
4 1 0 9 23.1012
4 1 0 10 23.3248
4 1 0 11 24.5147
4 1 0 12 22.165
4 1 0 13 23.7485
4 1 0 14 24.2978
4 1 0 15 0
4 1 0 16 23.2247
4 1 0 17 24.0784
4 1 0 18 24.1993
4 1 0 19 24.3117
4 1 0 20 24.9372
4 1 0 21 23.1735
4 1 0 22 23.0595
4 1 0 23 23.6271
4 1 1 0 24.1083
4 1 1 1 26.4739
4 1 1 2 23.8155
4 1 1 3 26.9261
4 1 1 4 27.3026
4 1 1 5 26.0032
4 1 1 6 24.1215
4 1 1 7 26.8368
4 1 1 8 24.3084
4 1 1 9 26.463
4 1 1 10 26.5163
4 1 1 11 25.8608
4 1 1 12 24.6181
4 1 1 13 26.7663
4 1 1 14 24.95
4 1 1 15 26.2073
4 1 1 16 24.5329
4 1 1 17 26.4371
4 1 1 18 26.1424
4 1 1 19 27.3937
4 1 1 20 26.803
4 1 1 21 26.2953
4 1 1 22 23.749
4 1 1 23 26.5802
4 1 2 0 25.7651
4 1 2 1 27.7196
4 1 2 2 27.8775
4 1 2 3 28.3781
4 1 2 4 27.6309
4 1 2 5 27.5954
4 1 2 6 29.0169
4 1 2 7 26.8074
4 1 2 8 25.605
4 1 2 9 26.5887
4 1 2 10 26.7571
4 1 2 11 26.6456
4 1 2 12 24.9514
4 1 2 13 26.6602
4 1 2 14 25.9607
4 1 2 15 26.8751
4 1 2 16 27.3661
4 1 2 17 27.2644
4 1 2 18 26.4825
4 1 2 19 27.5875
4 1 2 20 23.4065
4 1 2 21 24.839
4 1 2 22 24.8137
4 1 2 23 23.9431
4 1 3 0 28.366
4 1 3 1 26.311
4 1 3 2 23.1072
4 1 3 3 26.3405
4 1 3 4 28.3428
4 1 3 5 28.4846
4 1 3 6 27.2278
4 1 3 7 26.6397
4 1 3 8 26.9427
4 1 3 9 25.562
4 1 3 10 27.2259
4 1 3 11 25.8422
4 1 3 12 25.1785
4 1 3 13 24.3669
4 1 3 14 26.6321
4 1 3 15 25.3887
4 1 3 16 23.1958
4 1 3 17 25.4413
4 1 3 18 25.7303
4 1 3 19 28.2807
4 1 3 20 27.0682
4 1 3 21 26.8009
4 1 3 22 25.9399
4 1 3 23 24.6664
4 1 4 0 27.0981
4 1 4 1 25.991
4 1 4 2 25.7734
4 1 4 3 25.954
4 1 4 4 28.2044
4 1 4 5 25.9651
4 1 4 6 26.8915
4 1 4 7 27.7168
4 1 4 8 27.1141
4 1 4 9 24.9753
4 1 4 10 26.5335
4 1 4 11 25.85
4 1 4 12 26.4443
4 1 4 13 25.531
4 1 4 14 0
4 1 4 15 26.6419
4 1 4 16 27.4054
4 1 4 17 27.4733
4 1 4 18 26.2387
4 1 4 19 25.9392
4 1 4 20 28.2041
4 1 4 21 28.0799
4 1 4 22 27.6034
4 1 4 23 26.9318
4 1 5 0 25.3212
4 1 5 1 24.7067
4 1 5 2 26.6351
4 1 5 3 26.7695
4 1 5 4 27.5812
4 1 5 5 25.6232
4 1 5 6 24.4738
4 1 5 7 26.1021
4 1 5 8 25.4587
4 1 5 9 25.542
4 1 5 10 26.8247
4 1 5 11 24.1776
4 1 5 12 24.519
4 1 5 13 27.6357
4 1 5 14 25.9373
4 1 5 15 24.5296
4 1 5 16 25.1501
4 1 5 17 27.655
4 1 5 18 27.8902
4 1 5 19 24.3111
4 1 5 20 26.1671
4 1 5 21 25.8024
4 1 5 22 25.5554
4 1 5 23 25.6884
4 1 6 0 26.8512
4 1 6 1 25.2849
4 1 6 2 25.9705
4 1 6 3 25.805
4 1 6 4 27.9678
4 1 6 5 26.1745
4 1 6 6 28.0935
4 1 6 7 26.5779
4 1 6 8 25.1516
4 1 6 9 25.6257
4 1 6 10 26.1851
4 1 6 11 25.1886
4 1 6 12 25.6376
4 1 6 13 25.6456
4 1 6 14 25.4364
4 1 6 15 25.5136
4 1 6 16 28.0898
4 1 6 17 26.8823
4 1 6 18 27.8101
4 1 6 19 27.6073
4 1 6 20 25.036
4 1 6 21 25.5993
4 1 6 22 27.0115
4 1 6 23 24.8572
4 1 7 0 24.3085
4 1 7 1 25.9389
4 1 7 2 25.853
4 1 7 3 28.2008
4 1 7 4 27.4441
4 1 7 5 25.6939
4 1 7 6 25.1895
4 1 7 7 26.6856
4 1 7 8 25.8859
4 1 7 9 25.6009
4 1 7 10 24.4897
4 1 7 11 23.2967
4 1 7 12 24.8925
4 1 7 13 26.0257
4 1 7 14 25.505
4 1 7 15 25.3613
4 1 7 16 24.914
4 1 7 17 27.2765
4 1 7 18 26.3828
4 1 7 19 25.8899
4 1 7 20 27.4272
4 1 7 21 0
4 1 7 22 24.5656
4 1 7 23 25.3488
4 1 8 0 25.3725
4 1 8 1 24.2056
4 1 8 2 25.479
4 1 8 3 25.051
4 1 8 4 24.2579
4 1 8 5 26.2081
4 1 8 6 24.2268
4 1 8 7 22.7578
4 1 8 8 23.4167
4 1 8 9 25.7512
4 1 8 10 24.7842
4 1 8 11 24.9586
4 1 8 12 24.7155
4 1 8 13 26.5843
4 1 8 14 25.1759
4 1 8 15 27.5448
4 1 8 16 23.892
4 1 8 17 25.9501
4 1 8 18 25.1777
4 1 8 19 26.542
4 1 8 20 25.379
4 1 8 21 25.4859
4 1 8 22 20.865
4 1 8 23 25.995
4 1 9 0 28.8883
4 1 9 1 22.9888
4 1 9 2 23.3737
4 1 9 3 25.0923
4 1 9 4 25.671
4 1 9 5 25.5298
4 1 9 6 28.289
4 1 9 7 24.169
4 1 9 8 25.2288
4 1 9 9 26.2614
4 1 9 10 27.6526
4 1 9 11 27.6689
4 1 9 12 24.5585
4 1 9 13 27.5582
4 1 9 14 26.3024
4 1 9 15 27.4543
4 1 9 16 28.0047
4 1 9 17 24.7191
4 1 9 18 25.7281
4 1 9 19 25.5219
4 1 9 20 26.6515
4 1 9 21 24.8589
4 1 9 22 25.1358
4 1 9 23 27.1655
4 1 10 0 26.6687
4 1 10 1 24.5074
4 1 10 2 23.6281
4 1 10 3 25.0585
4 1 10 4 27.0153
4 1 10 5 26.084
4 1 10 6 25.7961
4 1 10 7 25.5674
4 1 10 8 23.9571
4 1 10 9 0
4 1 10 10 25.0106
4 1 10 11 23.8711
4 1 10 12 23.4707
4 1 10 13 24.7576
4 1 10 14 25.3251
4 1 10 15 24.2199
4 1 10 16 23.758
4 1 10 17 25.8783
4 1 10 18 24.1186
4 1 10 19 26.5335
4 1 10 20 25.7427
4 1 10 21 25.3001
4 1 10 22 22.2909
4 1 10 23 26.2791
