246654
246655
246656
246657
246658
246659
246660
246661
246662
246663
246664
246665
246666
246667
246668
246669
246670
246671
246672
246673
246674
246678
246679
246680
246681
246682
246683
246684
246685
246686
246687
246688
246689
246690
246691
246694
246695
246696
246697
246698
246699
246702
246703
246704
246705
246706
246707
246708
246709
246710
246711
246712
246716
246717
246718
246719
246720
246721
246722
246723
246724
246725
246726
246727
246728
246729
246730
246731
246732
246733
246734
246735
246736
246737
246738
246739
246740
246741
246742
246743
246744
246745
246746
246747
246748
246749
246750
246751
246752
246753
246754
246755
246756
246757
246758
246759
246760
246761
246762
246763
246764
246765
246766
246767
246768
246769
246770
246771
246772
246773
246774
246775
246776
246777
246778
246779
246780
246781
246782
246783
246784
246785
246786
246787
246788
246789
246790
246791
246792
246793
246794
246795
246796
246797
246798
246799
246800
246801
246802
246803
246804
246805
246806
246807
246808
246809
246810
246811
246812
246813
246814
246815
246816
246820
246821
246822
246823
246824
246825
246826
246827
246828
246829
246830
246831
246832
246833
246834
246835
246836
246837
246838
246839
246840
246841
246842
246843
246844
246845
246846
246847
246848
246849
246850
246851
246852
246853
246854
246855
246856
246857
246858
246859
246860
246861
246862
246863
246864
246865
246866
246867
246868
246869
246870
246871
246872
246873
246874
246875
246876
246877
246878
246879
246880
246881
246882
246883
246884
246885
246886
246887
246888
246889
246890
246891
246892
246893
246894
246895
246896
246897
246898
246899
246900
246901
246902
246903
246904
246905
246906
246907
246908
246909
246910
246911
246912
246913
246914
246915
246916
246917
246918
246919
246920
246921
246922
246923
246924
246925
246926
246927
246928
246929
246930
246931
246932
246933
246934
246935
246936
246937
246938
246939
246940
246941
246942
246943
246944
246945
246946
246947
246948
246949
246950
246951
246952
246953
246954
246955
246956
246957
246958
246959
246960
246961
246962
246963
246964
246965
246966
246967
246968
246969
246970
246971
246972
246973
246974
246975
246976
246977
246978
246979
246980
246981
246982
246983
246984
246985
246986
246987
246988
246989
246990
246991
246992
246993
246994
246995
246996
246997
246998
246999
247000
247001
247002
247003
247004
247005
247006
247007
247008
247009
247010
247011
247012
247013
247014
247015
247016
247017
247018
247019
247020
247021
247022
247023
247024
247025
247026
247027
247028
247029
247030
247031
247032
247033
247034
247035
247036
247037
247038
247039
247040
247041
247042
247043
247044
247045
247046
247047
247048
247049
247050
247051
247052
247053
247054
247056
247057
247058
247059
247060
247061
247062
247063
247064
247065
247066
247067
247068
247069
247070
247071
247072
247073
247074
247075
247076
247077
247078
247079
247080
247081
247082
247083
247084
247085
247086
247087
247088
247089
247090
247091
247092
247093
247094
247095
247096
247097
247098
247099
247100
247101
247102
247103
247104
247105
247106
247107
247108
247109
247110
247111
247112
247113
247114
247115
247116
247117
247118
247119
247120
247121
247122
247123
247124
247125
247126
247127
247128
247129
247130
247131
247132
247133
247134
247135
247136
247137
247138
247139
247140
247141
247142
247143
247144
247145
247146
247147
247148
247149
247150
247151
247152
247153
247154
247155
247156
247157
247158
247159
247160
247161
247162
247163
247164
247165
247166
247167
247168
247169
247170
247171
247172
247173
247174
247175
247176
247177
247178
247179
247180
247181
247182
247183
247184
247185
247186
247187
247188
247189
247190
247191
247192
247193
247194
247195
247196
247197
247198
247199
247200
247201
247202
247203
247204
247205
247206
247207
247208
247209
247210
247211
247212
247213
247214
247215
247224
247225
247226
247227
247228
247229
247230
247231
247232
247233
247234
247235
247236
247237
247238
247239
247240
247241
247242
247243
247244
247245
247246
247247
247248
247249
247250
247251
247252
247253
247254
247255
247256
247257
247258
247259
247260
247261
247262
247263
247264
247265
247266
247267
247268
247269
247270
247271
247272
247273
247274
247275
247276
247277
247278
247279
247280
247281
247282
247283
247284
247285
247286
247287
247288
247290
247291
247292
247293
247294
247295
247296
247297
247298
247299
247300
247301
247302
247303
247304
247305
247306
247307
247308
247309
247310
247311
247312
247313
247314
247315
247316
247317
247318
247319
247320
247321
247322
247323
247324
247325
247326
247327
247328
247329
247330
247331
247332
247333
247334
247335
247336
247337
247338
247339
247340
247341
247342
247343
247344
247345
247346
247347
247348
247349
247350
247351
247352
247353
247354
247355
247356
247357
247358
247359
247360
247361
247362
247363
247364
247365
247366
247367
247368
247369
247370
247371
247372
247373
247374
247375
247376
247377
247378
247379
247380
247381
247382
247383
247384
247385
247386
247387
247388
247389
247390
247391
247392
247393
247394
247395
247396
247397
247398
247399
247400
247401
247402
247403
247404
247405
247406
247407
247408
247409
247410
247411
247412
247413
247414
247415
247416
247417
247418
247419
247420
247421
247422
247423
247424
247425
247426
247427
247428
247429
247430
247431
247432
247433
247434
247435
247436
247437
247438
247439
247440
247441
247442
247443
247444
247445
247446
247447
247448
247449
247450
247451
247452
247453
247454
247455
247456
247457
247458
247459
247460
247461
247462
247463
247464
247465
247466
247467
247468
247469
247470
247471
247472
247473
247474
247475
247476
247477
247478
247479
247480
247481
247482
247483
247484
247485
247486
247487
247488
247489
247490
247491
247492
247493
247494
247495
247496
247497
247498
247499
247500
247501
247502
247503
247504
247505
247506
247507
247508
247509
247510
247511
247512
247513
247514
247515
247516
247517
247518
247519
247520
247525
247526
247527
247528
247529
247530
247531
247532
247533
247534
247535
247536
255495
255496
255497
255498
255499
255500
255501
255502
255503
255504
255505
255506
255507
255508
255509
255510
255511
255512
255513
255514
255515
255516
255517
255518
255519
255520
255521
255522
255523
255524
255525
255526
255527
255528
255529
255530
255531
255532
255533
255534
255535
255536
255537
255538
255539
255540
255541
255542
255543
255544
255545
255546
255547
255548
255549
255550
255551
255552
255553
255554
255555
255556
255557
255558
255559
255560
255561
255562
255563
255564
255565
255566
255567
255568
255569
255570
255571
255572
255573
255574
255575
255576
255577
255578
255579
255580
255581
255582
255583
255584
255585
255586
255587
255588
255589
255590
255591
255592
255593
255594
255595
255596
255597
255598
255599
255600
255601
255602
255603
255604
255605
255606
255607
255608
255609
255610
255611
255612
255613
255614
255615
255616
255617
255618
255619
255620
255621
255622
255623
255624
255625
255626
255627
255628
255629
255630
255631
255632
255633
255634
255635
255636
255637
255638
255639
255640
255641
255642
255643
255644
255645
255646
255647
255648
255649
255650
255651
255652
255653
255654
255655
255656
255657
255658
255659
255660
255661
255662
255663
255664
255665
255666
255667
255668
255669
255670
255671
255672
255673
255674
255675
255676
255677
255678
255679
255680
255681
255682
255683
255684
255685
255686
255687
255688
255689
255690
255691
255692
255693
255694
255695
255696
255697
255698
255699
255700
255701
255702
255703
255704
255705
255706
255707
255708
255709
255710
255711
255712
255713
255714
255715
255716
255717
255718
255719
255720
255721
255722
255723
255724
255725
255726
255727
255728
311092
311094
311095
311096
311097
311098
311099
311100
311101
311102
311103
311104
311105
311106
311107
311108
311109
311110
311111
311112
311113
311114
311115
311116
311117
311118
311119
311120
311121
311122
311123
311124
311125
311126
311127
311128
311129
311130
311131
311132
311133
311134
311135
311136
311137
311138
311139
311140
311141
311142
311143
311144
311145
311146
311147
311148
311149
311150
311151
311152
311153
311154
311155
311156
311157
311158
311159
311160
311161
311162
311163
311164
311165
311166
311167
311168
311169
311170
311171
311172
311173
311174
311175
311176
311177
311178
311179
311180
311181
311182
311183
311184
311185
311186
311187
311188
311189
311190
311191
311192
311193
311194
311195
311196
311197
311198
311199
311200
311201
311202
311203
311204
311205
311206
311207
311208
311209
311210
311211
311212
311213
311214
311215
311216
311217
311218
311219
311220
311221
311222
311223
311224
311225
311226
311227
311228
311229
311230
311231
311232
311233
311234
311235
311236
311237
311238
311239
311240
311241
311242
311243
311244
311245
311246
311247
311248
311249
311250
311251
311252
311253
311254
311255
311256
311257
311258
311259
311260
311261
311262
311263
311264
311265
311266
311267
311268
311269
311270
311271
311272
311273
311274
311275
311276
311277
311278
311279
311280
311281
311282
311283
311284
311285
311286
311287
311288
311289
311290
311291
311292
311293
311294
311295
311296
311297
311298
311299
311300
311301
311302
311303
311304
311305
311306
311307
311308
311309
311310
311311
311312
311313
311314
311315
311316
311317
311318
311319
311320
311321
311322
311323
311324
311325
311326
311327
311328
311329
311330
311331
311332
311333
311334
311335
311336
311337
311338
311339
311340
311341
311342
311343
311344
311345
311346
311347
311348
311349
311350
311351
311352
311353
311354
311355
311356
311357
311358
311359
311360
311361
311362
311363
311364
311365
311366
311367
311368
311369
311370
311371
311372
311373
311374
311375
311376
311377
311378
311379
311380
311381
311382
311383
311384
311385
311386
311387
311388
311389
311390
311391
311392
311393
311394
311395
311396
311397
311398
311399
311400
311401
311402
311403
311404
311405
311406
311407
311408
311409
311410
311411
311412
311413
311414
311415
311416
311417
311418
311419
311420
311421
311422
311423
311424
311425
311426
311427
311428
311429
311430
311431
311432
311433
311434
311435
311436
311437
311438
311439
311440
311441
311442
311443
311444
311445
311446
311447
311448
311449
311450
311451
311452
311453
311454
311455
311456
311457
311458
311459
311460
311461
311462
311463
311464
311465
311466
311467
311468
311469
311470
311471
311472
311473
311474
311475
311476
311477
311478
311479
311480
311481
311482
311483
311484
311485
311486
311487
311488
311489
311490
311491
311492
311493
311494
311495
311496
311497
311498
311499
311500
311501
311502
311503
311504
311505
311506
311507
311508
311509
311510
311511
311512
311513
311514
311515
311516
311517
311518
311519
311520
311521
311522
311523
311524
311525
311526
311527
311528
311529
311530
311531
311532
311533
311534
311535
311536
311537
311538
311539
311540
311541
311542
311543
311544
311545
311546
311547
311548
311549
311550
311551
311552
311553
311554
311555
311556
311557
311558
311559
311560
311561
311562
311563
311564
311565
311566
311567
311568
311569
311570
311571
311572
311573
311574
311575
311576
311577
311578
311579
311580
311581
311582
311583
311584
311585
311586
311587
311588
311589
311590
311591
311592
311593
311594
311595
311596
311597
311598
311599
311600
311601
311602
311603
311604
311605
311606
311607
311608
311609
311610
311611
311612
311613
311614
311615
311616
311617
311618
311619
311620
311621
311622
311623
311624
311625
311626
311627
311628
311629
311630
311631
311632
311633
311634
311635
311636
311637
311638
311639
311640
311641
311642
311643
311644
311645
311646
311647
311648
311649
311650
311651
311652
311653
311654
311655
311656
311657
311658
311659
311660
311661
311662
311663
311664
311665
311666
311667
311668
311669
311670
311671
311672
311673
311674
311675
311676
311677
311678
311679
311680
311681
311682
311683
311684
311685
311686
311687
311688
311689
311690
311691
311692
311693
311694
311695
311696
311697
311698
311699
311700
311701
311702
311703
311704
311705
311706
311707
311708
311709
311710
311711
311712
311713
311714
311715
311716
311717
311718
311719
311720
311721
311722
311723
311724
311725
311726
311727
311728
311729
311730
311731
311732
311733
311734
311735
311736
311737
311738
311739
311740
311741
311742
311743
311744
311745
311746
311747
311748
311749
311750
311751
311752
311753
311754
311755
311756
311757
311758
311759
311760
311761
311762
311763
311764
311765
311766
311767
311768
311769
311770
311771
311772
311773
311774
311775
311776
311777
311778
311779
311780
311781
311782
311783
311784
311785
311786
311787
311788
311789
311790
311791
311792
311793
311794
311795
311796
311797
311798
311799
311800
311801
311802
311803
311804
311805
311806
311807
311808
311809
311810
311811
311812
311813
311814
311815
311816
311817
311818
311819
311820
311821
311822
311823
311824
311825
311826
311827
311828
311829
311830
311831
311832
311833
311834
311835
311836
311837
311838
311839
311840
311841
311842
311843
311844
311845
311846
311847
311848
311849
311850
311851
311852
311853
311854
311855
311856
311857
311858
311859
311860
311861
311862
311863
311864
311865
311866
311867
311868
311869
311870
311871
311872
311873
311874
311875
311876
311877
311878
311879
311880
311881
311882
311883
311884
311885
311886
311887
311888
311889
311890
311891
311892
311893
311894
311895
311896
311897
311898
311899
311900
311901
311902
311903
311904
311905
311906
311907
311908
311909
311910
311911
311912
311913
311914
311915
311916
311917
311918
311919
311920
311921
311922
311923
311924
311925
311926
311927
311928
311929
311930
311931
311932
311933
311934
311935
311936
311937
311938
311939
311940
311941
311942
311943
311944
311945
311946
311947
311948
311949
311950
311951
311952
311953
311954
311955
311956
311957
311958
311959
311960
311961
311962
311963
311964
311965
311966
311967
311968
311969
311970
311971
311972
311973
311974
311975
311976
311977
311978
311979
311980
311981
311982
311983
311984
311985
311986
311987
311988
311989
311990
311991
311992
311993
311994
311995
311996
311997
311998
311999
312000
312001
312002
312003
312004
312005
312006
312007
312008
312009
312010
312011
312012
312013
312014
312015
312016
312017
312018
312019
312020
312021
312022
312023
312024
312025
312026
312027
312028
312029
312030
312031
312032
312033
312034
312035
312036
312037
312038
312039
312040
312041
312042
312043
312044
312045
312046
312047
312048
312049
312050
312051
312052
312053
312054
312055
312056
312057
312058
312059
312060
312061
312062
312063
312064
312065
312066
312067
312068
312069
312070
312071
312072
312073
312074
312075
312076
312077
312078
312079
312080
312081
312082
312083
312084
312085
312086
312087
312088
312089
312090
312091
312092
312093
312094
312095
312096
312097
312098
312099
312100
312101
312102
312103
312104
312105
312106
312107
312108
312109
312110
312111
312112
312113
312114
312115
312116
312117
312118
312119
312120
312121
312122
312123
312124
312125
312126
312127
312128
312129
312130
312131
312132
312133
312134
312135
312136
312137
312138
312139
312140
312141
312142
312143
312144
312145
312146
312147
312148
312149
312150
312151
312152
312153
312154
312155
312156
312157
312158
312159
312160
312161
312162
312163
312164
312165
312166
312167
312168
312169
312170
312171
312172
312173
312174
312175
312176
312177
312178
312179
312180
312181
312182
312183
312184
312185
312186
312187
312188
312189
312190
312191
312192
312193
312194
312195
312196
312197
312198
312199
312200
312201
312202
312203
312204
312205
312206
312207
312208
312209
312210
312211
312212
312213
312214
312215
312216
312217
312218
312219
312220
312221
312222
312223
312224
312225
312226
312227
312228
312229
312230
312231
312232
312233
312234
312235
312236
312237
312238
312239
312240
312241
312242
312243
312244
312245
312246
312247
312248
312249
312250
312251
312252
312253
312254
312255
312256
312257
312258
312259
312260
312261
312262
312263
312264
312265
312266
312267
312268
312269
312270
312271
312272
312273
312274
312275
312276
312277
312278
312279
312280
312281
312282
312283
312284
312285
312286
312287
312288
312289
312290
312291
312292
312293
312294
312295
312296
312297
312298
312299
312300
312301
312302
312303
312304
312305
312306
312307
312308
312309
312310
312311
312312
312313
312314
312315
312316
312317
312318
312319
312320
312321
312322
312323
312324
312325
312326
312327
312328
312329
312330
312331
312332
312333
312334
312335
312336
312337
312338
312339
312340
312341
312342
312343
312344
312345
312346
312347
312348
312349
312350
312351
312352
312353
312354
312355
312356
312357
312358
312359
312360
312361
312362
312363
312364
312365
312366
312367
312368
312369
312370
312371
312372
312373
312374
312375
312376
312377
312378
312379
312380
312381
312382
312383
312384
312385
312386
312387
312388
312389
312390
312391
312392
312393
312394
312395
312396
312397
312398
312399
312400
312401
312402
312403
312404
312405
312406
312407
312408
312409
312410
312411
312412
312413
312414
312415
312416
312417
312418
312419
312420
312421
312422
312423
312424
312425
312426
312427
312428
312429
312430
312431
312432
312433
312434
312435
312436
312437
312438
312439
312440
312441
312442
312443
312444
312445
312446
312447
312448
312449
312450
312451
312452
312453
312454
312455
312456
312457
312458
312459
312460
312461
312462
312463
312464
312465
312466
312467
312468
312469
312470
312471
312472
312473
312474
312475
312476
312477
312478
312479
312480
312481
312482
312483
312484
312485
312486
312487
312488
312489
312490
312491
312492
312493
312494
312495
312496
312497
312498
312499
312500
312501
312502
312503
312504
312505
312506
312507
312508
312509
312510
312511
312512
312513
312514
312515
312516
312517
312518
312519
312520
312521
312522
312523
312524
312525
312526
312527
312528
312529
312530
312531
312532
312533
312534
312535
312536
312537
312538
312539
312540
312541
312542
312543
312544
312545
312546
312547
312548
312549
312550
312551
312552
312553
312554
312555
312556
312557
312558
312559
312560
312561
312562
312563
312564
312565
312566
312567
312568
312569
312570
312571
312572
312573
312574
312575
312576
312577
312578
312579
312580
312581
312582
312583
312584
312585
312586
312587
312588
312589
312590
312591
312592
312593
312594
312595
312596
312597
312598
312599
312600
312601
312602
312603
312604
312605
312606
312607
312608
312609
312610
312611
312612
312613
312614
312615
312616
312617
312618
312619
312620
312621
312622
312623
312624
312625
312626
312627
312628
312629
312630
312631
312632
312633
312634
312635
312636
312637
312638
312639
312640
312641
312642
312643
312644
312645
312646
312647
312648
312649
312650
312651
312652
312653
312654
312655
312656
312657
312658
312659
312660
312661
312662
312663
312664
312665
312666
312667
312668
312669
312670
312671
312672
312673
312674
312675
312676
312677
312678
312679
312680
312681
312682
312683
312684
312685
312686
312687
312688
312689
312690
312691
312692
312693
312694
312695
312696
312697
312698
312699
312700
312701
312702
312703
312704
312705
312706
312707
312708
312709
312710
312711
312712
312713
312714
312715
312716
312717
312718
312719
312720
312721
312722
312723
312724
312725
312726
312727
312728
312729
312730
312731
312732
312733
312734
312735
312736
312737
312738
312739
312740
312741
312742
312743
312744
312745
312746
312747
312748
312749
312750
312751
312752
312753
312754
312755
312756
312757
312758
312759
312760
312761
312762
312763
312764
312765
312766
312767
312768
312769
312770
312771
312772
312773
312774
312775
312776
312777
312778
312779
312780
312781
312782
312783
312784
312785
312786
312787
312788
312789
312790
312791
312792
312793
312794
312795
312796
312797
312798
312799
312800
312801
312802
312803
312804
312805
312806
312807
312808
312809
312810
312811
312812
312813
312814
312815
312816
312817
312818
312819
312820
312821
312822
312823
312824
312829
312830
312831
312832
312833
312834
312835
312836
312837
312838
312839
312840
312841
312842
312843
312844
312845
312846
312847
312848
312849
312850
312851
312852
312853
312854
312855
312856
312857
312858
312859
312860
312861
312862
312863
312864
312865
312866
312867
312868
312869
312870
312871
312872
312873
312874
312875
312876
312877
312878
312879
312880
312881
312882
312883
312884
312885
312886
312887
312888
312889
312890
312891
312892
312893
312894
312895
312896
312897
312898
312899
312900
312901
312902
312903
312904
312905
312906
312907
312908
312909
312910
312911
312912
312913
312914
312915
312916
312917
312918
312919
312920
312921
312922
312923
312924
312925
312926
312927
312928
312929
312930
312931
312932
312933
312934
312935
312936
312937
312938
312939
312940
312941
312942
312943
312944
312945
312946
312947
312948
312949
312950
312951
312952
312953
312954
312955
312956
312957
312958
312959
312960
312961
312962
312963
312964
312965
312966
312967
312968
312969
312970
312971
312972
312973
312974
312975
312976
312977
312978
312979
312980
312981
312982
312983
312984
312985
312986
312987
312988
312989
312990
312991
312992
312993
312994
312995
312996
312997
312998
312999
313000
313001
313002
313003
313004
313005
313006
313007
313008
313009
313010
313011
313012
313013
313014
313015
313016
313017
313018
313019
313020
313021
313022
313023
313024
313025
313026
313027
313028
313029
313030
313031
313032
313033
313034
313035
313036
313037
313038
313039
313040
313041
313042
313043
313044
313045
313046
313047
313048
313049
313050
313051
313052
313053
313054
313055
313056
313057
313058
313059
313060
313061
313062
313063
313064
313065
313066
313067
313068
313069
313070
313071
313072
313073
313074
313075
313076
313077
313078
313079
313080
313081
313082
313083
313084
313085
313086
313087
313088
313089
313090
313091
313092
313093
313094
313095
313096
313097
313098
313099
313100
313101
313102
313103
313104
313105
313106
313107
313108
313109
313110
313111
313112
313113
313114
313115
313116
313117
313118
313119
313120
313121
313122
313123
313124
313125
313126
313127
313128
313129
313130
313131
313132
313133
313134
313135
313136
313137
313138
313139
313140
313141
313142
313143
313144
313145
313146
313147
313148
313149
313150
313151
313152
313153
313154
313155
313156
313157
313158
313159
313160
313161
313162
313163
313164
313165
313166
313167
313168
313169
313170
313171
313172
313173
313174
313175
313176
313177
313178
313179
313180
313181
313182
313183
313184
313185
313186
313187
313188
313189
313190
313191
313192
313193
313194
313195
313196
313197
313198
313199
313200
313201
313202
313203
313204
313205
313206
313207
313208
313209
313210
313211
313212
313213
313214
313215
313216
313217
313218
313219
313220
313221
313222
313223
313224
313225
313226
313227
313228
313229
313230
313231
313232
313233
313234
313235
313236
313237
313238
313239
313240
313241
313242
313243
313244
313245
313246
313247
313248
313249
313250
313251
313252
313253
313254
313255
313256
313257
313258
313259
313260
313261
313262
313263
313264
313265
313266
313267
313268
313269
313270
313271
313272
313273
313274
313275
313276
313277
313278
313279
313280
313281
313282
313283
313284
313285
313286
313287
313288
313289
313290
313291
313292
313293
313294
313295
313296
313297
313298
313299
313300
313301
313302
313303
313304
313305
313306
313307
313308
313309
313310
313311
313312
313313
313314
313315
313316
313317
313318
313319
313320
313321
313322
313323
313324
313325
313326
313327
313328
313329
313330
313331
313332
313333
313334
313335
313336
313337
313338
313339
313340
313341
313342
313343
313344
313345
313346
313347
313348
313349
313350
313351
313352
313353
313354
313355
313356
313357
313358
313359
313360
313361
313362
313363
313364
313365
313366
313367
313368
313369
313370
313371
313372
313373
313374
313375
313376
313377
313378
313379
313380
313381
313382
313383
313384
313385
313386
313387
313388
313389
313390
313391
313392
313393
313394
313395
313396
313397
313398
313399
313400
313401
313402
313403
313404
313405
313406
313407
313408
313409
313410
313411
313412
313413
313414
313415
313416
313417
313418
313419
313420
313421
313422
313423
313424
313425
313426
313427
313428
313429
313430
313431
313432
313433
313434
313435
313436
313437
313438
313439
313440
313441
313442
313443
313444
313445
313446
313447
313448
313449
313450
313451
313452
313453
313454
313455
313456
313457
313458
313459
313460
313461
313462
313463
313464
313465
313466
313467
313468
313469
313470
313471
313472
313473
313474
313475
313476
313477
313478
313479
313480
313481
313482
313483
313484
313485
313486
313487
313488
313489
313490
313491
313492
313493
313494
313495
313496
313497
313498
313499
313500
313501
313502
313503
313504
313505
313506
313507
313508
313509
313510
313511
313512
313513
313514
313515
313516
313517
313518
313519
313520
313521
313522
313523
313524
313525
313526
313527
313528
313529
313530
313531
313532
313533
313534
313535
313536
313537
313538
313539
313540
313541
313542
313543
313544
313545
313546
313547
313548
313549
313550
313551
313552
313553
313554
313555
313556
313557
313558
313559
313560
313561
313562
313563
313564
313565
313566
313567
313568
313569
313570
313571
313572
313573
313574
313575
313576
313577
313578
313579
313580
313581
313582
313583
313584
313585
313586
313587
313588
313589
313590
313591
313592
313593
313594
313595
313596
313597
313598
313599
313600
313601
313602
313603
313604
313605
313606
313607
313608
313609
313610
313611
313612
313613
313614
313615
313616
313617
313618
313619
313620
313621
313622
313623
313624
313625
313626
313627
313628
313629
313630
313631
313632
313633
313634
313635
313636
313637
313638
313639
313640
313641
313642
313643
313644
313645
313646
313647
313648
313649
313650
313651
313652
313653
313654
313655
313656
313657
313658
313659
313660
313661
313662
313663
313664
313665
313666
313667
313668
313669
313670
313671
313672
313673
313674
313675
313676
313677
313678
313679
313680
313681
313682
313683
313684
313685
313686
313687
313688
313689
313690
313691
313692
313693
313694
313695
313696
313697
313698
313699
313700
313701
313702
313703
313704
313705
313706
313707
313708
313709
313710
313711
313712
313713
313714
313715
313716
313717
313718
313719
313720
313721
313722
313723
313724
313725
313726
313727
313728
313729
313730
313731
313732
313733
313734
313735
313736
313737
313738
313739
313740
313741
313742
313743
313744
313745
313746
313747
313748
313749
313750
313751
313752
313753
313754
313755
313756
313757
313758
313759
313760
313761
313762
313763
313764
313765
313766
313767
313768
313769
313770
313771
313772
313773
313774
313775
313776
313777
313778
313779
313780
313781
313782
313783
313784
313785
313786
313787
313788
313789
313790
313791
313792
313793
313794
313795
313796
313797
313798
313799
313800
313801
313802
313803
313804
313805
313806
313807
313808
313809
313810
313811
313812
313813
313814
313815
313816
313817
313818
313819
313820
313821
313822
313823
313824
313825
313826
313827
313828
313829
313830
313831
313832
313833
313834
313835
313836
313837
313838
313839
313840
313841
313842
313843
313844
313845
313846
313847
313848
313849
313850
313851
313852
313853
313854
313855
313856
313857
313858
313859
313860
313861
313862
313863
313864
313865
313866
313867
313868
313869
313870
313871
313872
313873
313874
313875
313876
313877
313878
313879
313880
313881
313882
313883
313884
313885
313886
313887
313888
313889
313890
313891
313892
313893
313894
313895
313896
313897
313898
313899
313900
313901
313902
313903
313904
313905
313906
313907
313908
313909
313910
313911
313912
313913
313914
313915
313916
313917
313918
313919
313920
313921
313922
313923
313924
313925
313926
313927
313928
313929
313930
313931
313932
313933
313934
313935
313936
313937
313938
313939
313940
313941
313942
313943
313944
313945
313946
313947
313948
313949
313950
313951
313952
313953
313954
313955
313956
313957
313958
313959
313960
313961
313962
313963
313964
313965
313966
313967
313968
313969
313970
313971
313972
313973
313974
313975
313976
313977
313978
313979
313980
313981
313982
313983
313984
313985
313986
313987
313988
313989
313990
313991
313992
313993
313994
313995
313996
313997
313998
313999
314000
314001
314002
314003
314004
314005
314006
314007
314008
314009
314010
314011
314012
314013
314014
314015
314016
314017
314018
314019
314020
314021
314022
314023
314024
314025
314026
314027
314028
314029
314030
314031
314032
314033
314034
314035
314036
314037
314038
314039
314040
314041
314042
314043
314044
314045
314046
314047
314048
314049
314050
314051
314052
314053
314054
314055
314056
314057
314058
314059
314060
314061
314062
314063
314064
314065
314066
314067
314068
314069
314070
314071
314072
314073
314074
314075
314076
314077
314078
314079
314080
314081
314082
314083
314084
314085
314086
314087
314088
314089
314090
314091
314092
314093
314094
314095
314096
314097
314098
314099
314100
314101
314102
314103
314104
314105
314106
314107
314108
314109
314110
314111
314112
314113
314114
314115
314116
314117
314118
314119
314120
314121
314122
314123
314124
314125
314126
314127
314128
314129
314130
314131
314132
314133
314134
314135
314136
314137
314138
314139
314140
314141
314142
314143
314144
314145
314146
314147
314148
314149
314150
314151
314152
314153
314154
314155
314156
314157
314158
314159
314160
314161
314162
314163
314164
314165
314166
314167
314168
314169
314170
314171
314172
314173
314174
314175
314176
314177
314178
314179
314180
314181
314182
314183
314184
314185
314186
314187
314188
314189
314190
314191
314192
314193
314194
314195
314196
314197
314198
314199
314200
314201
314202
314203
314204
314205
314206
314207
314208
314209
314210
314211
314212
314213
314214
314215
314216
314217
314218
314219
314220
314221
314222
314223
314224
314225
314226
314227
314228
314229
314230
314231
314232
314233
314234
314235
314236
314237
314238
314239
314240
314241
314242
314243
314244
314245
314247
314248
314249
314250
314251
314252
314253
314254
314255
314256
314257
314258
314259
314260
314261
314262
314263
314264
314265
314266
314267
314268
314269
314270
314271
314272
314273
314274
314275
314276
314277
314278
314279
314280
314281
314282
314283
314284
314285
314286
314287
314288
314289
314290
314291
314292
314293
314294
314295
314296
314297
314298
314299
314300
314301
314302
314303
314304
314305
314306
314307
314308
314309
314310
314311
314312
314313
314314
314315
314316
314317
314318
314319
314320
314321
314322
314323
314324
314325
314326
314327
314328
314329
314330
314331
314332
314333
314334
314335
314336
314337
314338
314339
314340
314341
314342
314343
314344
314345
314346
314347
314348
314349
314350
314351
314352
314353
314354
314355
314356
314357
314358
314359
314360
314361
314362
314363
314364
314365
314366
314367
314368
314369
314370
314371
314372
314373
314374
314375
314376
314377
314378
314379
314380
314381
314382
314383
314384
314385
314386
314387
314388
314389
314390
314391
314392
314393
314394
314395
314396
314397
314398
314399
314400
314401
314402
314403
314404
314405
314406
314407
314408
314409
314410
314411
314412
314413
314414
314415
314416
314417
314418
314419
314420
314421
314422
314423
314424
314425
314426
314427
314428
314429
314430
314431
314432
314433
314434
314435
314436
314437
314438
314439
314440
314441
314442
314443
314444
314445
314446
314447
314448
314449
314450
314451
314452
314453
314454
314455
314456
314457
314458
314459
314460
314461
314462
314463
314464
314465
314466
314467
314468
314469
314470
314471
314472
314473
314474
314475
314476
314477
314478
314479
314480
314481
314482
314483
314484
314485
314486
314487
314488
314489
314490
314491
314492
314493
314494
314495
314496
314497
314498
314499
314500
314501
314502
314503
314504
314505
314506
314507
314508
314509
314510
314511
314512
314513
314514
314515
314516
314517
314518
314519
314520
314521
314522
314523
314524
314525
314526
314527
314528
314529
314530
314531
314532
314533
314534
314535
314536
314537
314538
314539
314540
314541
314542
314543
314544
314545
314546
314547
314548
314549
314550
314567
314571
314572
314573
314574
314575
314576
314577
314578
314579
314580
314581
314582
314583
314584
314585
314586
314587
314588
314589
314590
314591
314592
314593
314594
314595
314596
314597
314598
314599
314600
314601
314602
314603
314604
314605
314606
314607
314608
314609
314610
314611
314612
314613
314614
314615
314616
314617
314618
314619
314620
314621
314622
314623
314624
314625
314626
314627
314628
314629
314630
314631
314632
314633
314634
314635
314636
314637
314638
314639
314640
314641
314642
314643
314644
314645
314646
314647
314648
314649
314650
314651
314652
314653
314654
314655
314656
314657
314658
314659
314660
314661
314662
314663
314664
314665
314666
314667
314668
314669
314670
314671
314672
314673
314674
314675
314676
314677
314678
314679
314680
314681
314682
314683
314684
314685
314686
314687
314688
314689
314690
314691
314692
314693
314694
314695
314696
314697
314698
314699
314700
314701
314702
314703
314704
314705
314706
314707
314708
314709
314710
314711
314712
314713
314714
314715
314716
314717
314718
314719
314720
314721
314722
314723
314724
314725
314726
314727
314728
314729
314730
314731
314732
314733
314734
314735
314736
314737
314738
314739
314740
314741
314742
314743
314744
314745
314746
314747
314748
314749
314750
314751
314752
314753
314754
314755
314756
314757
314758
314759
314760
314761
314762
314763
314764
314765
314766
314767
314768
314769
314770
314771
314772
314773
314774
314775
314776
314777
314778
314779
314780
314781
314782
314783
314784
314785
314786
314787
314788
314789
314790
314791
314792
314793
314794
314795
314796
314797
314798
314799
314800
314801
314802
314803
314804
314805
314806
314807
314808
314809
314810
314811
314812
314813
314814
314815
314816
314817
314818
314819
314820
314821
314822
314823
314824
314825
314826
314827
314828
314829
314830
314831
314832
314833
314834
314835
314836
314837
314838
314839
314840
314841
314842
314843
314844
314845
314846
314847
314848
314849
314850
314851
314852
314853
314854
314855
314856
314857
314858
314859
314860
314861
314862
314863
314864
314865
314866
314867
314868
314869
314870
314871
314872
314873
314874
314875
314876
314877
314878
314879
314880
314881
314882
314883
314884
314885
314886
314887
314888
314889
314890
314891
314892
314893
314894
314895
314896
314897
314898
314899
314900
314901
314902
314903
314904
314905
314906
314907
314908
314909
314910
314911
314912
314913
314914
314915
314916
314917
314918
314919
314920
314921
314922
314923
314924
314925
314926
314927
314928
314929
314930
314931
314932
314933
314934
314935
314936
314937
314938
314939
314940
314941
314942
314943
314944
314945
314946
314947
314948
314949
314950
314951
314952
314953
314954
314955
314956
314957
314958
314959
314960
314961
314962
314963
314964
314965
314966
314967
314968
314969
314970
314971
314972
314973
314974
314975
314976
314977
314978
314979
314980
314981
314982
314983
314984
314985
314986
314987
314988
314989
314990
314991
314992
314993
314994
314995
314996
314997
314998
314999
315000
315001
315002
315003
315004
315005
315006
315007
315008
315009
315010
315011
315012
315013
315014
315015
315016
315017
315018
315019
315020
315021
315022
315023
315024
315025
315026
315027
315028
315029
315030
315031
315032
315033
315034
315035
315036
315037
315038
315039
315040
315041
315042
315043
315044
315045
315046
315047
315048
315049
315050
315051
315052
315053
315054
315055
315056
315057
315058
315059
315060
315061
315062
315063
315064
315065
315066
315067
315068
315069
315070
315071
315072
315073
315074
315075
315076
315077
315078
315079
315080
315081
315082
315083
315084
315085
315086
315087
315088
315089
315090
315091
315092
315093
315094
315095
315096
315097
315098
315099
315100
315101
315102
315103
315104
315105
315106
315107
315108
315109
315110
315111
315112
315113
315114
315115
315116
315117
315118
315119
315120
315121
315122
315123
315124
315125
315126
315127
315128
315129
315130
315131
315132
315133
315134
315135
315136
315137
315138
315139
315140
315141
315142
315143
315144
315145
315146
315147
315148
315149
315150
315151
315152
315153
315154
315155
315156
315157
315158
315159
315160
315161
315162
315163
315164
315165
315166
315167
315168
315169
315170
315171
315172
315173
315174
315175
315176
315177
315178
315179
315180
315181
315182
315183
315184
315185
315186
315187
315188
315189
315190
315191
315192
315193
315194
315195
315196
315197
315198
315199
315200
315201
315202
315203
315204
315205
315206
315207
315208
315209
315210
315211
315212
315213
315214
315215
315216
315217
315218
315219
315220
315221
315222
315223
315224
315225
315226
315227
315228
315229
315230
315231
315232
315233
315234
315235
315236
315237
315238
315239
315240
315241
315242
315243
315244
315245
315246
315247
315248
315249
315250
315251
315252
315253
315254
315255
315256
315257
315258
315259
315260
315261
315262
315263
315264
315265
315266
315267
315268
315269
315270
315271
315272
315273
315274
315275
315276
315277
315278
315279
315280
315281
315282
315283
315284
315285
315286
315287
315288
315289
315290
315291
315292
315293
315294
315295
315296
315297
315298
315299
315300
315301
315302
315303
315304
315305
315306
315307
315308
315309
315310
315311
315312
315313
315314
315315
315316
315317
315318
315319
315320
315321
315322
315323
315324
315325
315326
315327
315328
315329
315330
315331
315332
315333
315334
315335
315336
315337
315338
315339
315340
315341
315342
315343
315344
315345
315346
315347
315348
315349
315350
315351
315352
315353
315354
315355
315356
315357
315358
315359
315360
315361
315362
315363
315364
315365
315366
315367
315368
315369
315370
315371
315372
315373
315374
315375
315376
315377
315378
315379
315380
315381
315382
315383
315384
315385
315386
315387
315388
315389
315390
315391
315392
315393
315394
315395
315396
315397
315398
315399
315400
315401
315402
315403
315404
315405
315406
315407
315408
315409
315410
315411
315412
315413
315414
315415
315416
315417
315418
315419
315420
315421
315422
315423
315424
315425
315426
315427
315428
315429
315430
315431
315432
315433
315434
315435
315436
315437
315438
315439
315440
315441
315442
315443
315444
315445
315446
315447
315448
315449
315450
315451
315452
315453
315454
315455
315456
315457
315458
315459
315460
315461
315462
315463
315464
315465
315466
315467
315468
315469
315470
315471
315472
315473
315474
315475
315476
315477
315478
315479
315480
315481
315482
315483
315484
315485
315486
315487
315488
315489
315490
315491
315492
315493
315494
315495
315496
315497
315498
315499
315500
315501
315502
315503
315504
315505
315506
315507
315508
315509
315510
315511
315512
315513
315514
315515
315516
315517
315518
315519
315520
315521
315522
315523
315524
315525
315526
315527
315528
315529
315530
315531
315532
315533
315534
315535
315536
315537
315538
315539
315540
315541
315542
315543
315544
315545
315546
315547
315548
315549
315550
315551
315552
315553
315554
315555
315556
315557
315558
315559
315560
315561
315562
315563
315564
315565
315566
315567
315568
315569
315570
315571
315572
315573
315574
315575
315576
315577
315578
315579
315580
315581
315582
315583
315584
315585
315586
315587
315588
315589
315590
315591
315592
315593
315594
315595
315596
315597
315598
315599
315600
315601
315602
315603
315604
315605
315606
315607
315608
315609
315610
315611
315612
315613
315614
315615
315616
315617
315618
315619
315620
315621
315622
315623
315624
315625
315626
315627
315628
315629
315630
315631
315632
315633
315634
315635
315636
315637
315638
315639
315640
315641
315642
315643
315644
315645
315646
315647
315648
315649
315650
315651
315652
315653
315654
315655
315656
315657
315658
315659
315660
315661
315662
315663
315664
315665
315666
315667
315668
315669
315670
315671
315672
315673
315674
315675
315676
315677
315678
315679
315680
315681
315682
315683
315684
315685
315686
315687
315688
315689
315690
315691
315692
315693
315694
315695
315696
315697
315698
315699
315700
315701
315702
315703
315704
315705
315706
315707
315708
315709
315710
315711
315712
315713
315714
315715
315716
315717
315718
315719
315720
315721
315722
315723
315724
315725
315726
315727
315728
315729
315730
315731
315732
315733
315734
315735
315736
315737
315738
315739
315740
315741
315742
315743
315744
315745
315746
315747
315748
315749
315750
315751
315752
315753
315754
315755
315756
315757
315758
315759
315760
326064
326065
326066
326067
326070
326071
326072
326073
326074
326075
326076
326077
326078
326079
326080
326081
326082
326083
326084
326085
326086
326087
326088
326089
326090
326091
326092
326093
326094
326095
326096
326097
326098
326099
326100
326101
326102
326103
326104
326105
326106
326107
326108
326109
326110
326111
326112
326113
326114
326115
326116
326117
326118
326119
326120
326121
326122
326123
326124
326125
326126
326127
326128
326129
326130
326131
326132
326133
326134
326135
326136
326137
326138
326139
326140
326141
326142
326143
326144
326145
326146
326147
326148
326149
326150
326151
326152
326153
326154
326155
326156
326157
326158
326159
326160
326161
326162
326163
326164
326165
326166
326167
326168
326169
326170
326171
326172
326173
326174
326175
326176
326177
326178
326179
326180
326181
326182
326183
326184
326185
326186
326187
326188
326189
326190
326191
326192
326193
326194
326195
326196
326197
326198
326199
326200
326201
326202
326203
326204
326205
326206
326207
326208
326209
326210
326211
326212
326213
326214
326215
326216
326217
326218
326219
326220
326221
326222
326223
326224
326225
326226
326227
326228
326229
326230
326231
326232
326233
326234
326235
326236
326237
326238
326239
326240
326241
326242
326243
326244
326245
326246
326247
326248
326249
326250
326251
326252
326253
326254
326255
326256
326257
326258
326259
326260
326261
326262
326263
326264
326265
326266
326267
326268
326269
326270
326271
326272
326273
326274
326275
326276
326277
326278
326279
326280
326281
326282
326283
326284
326285
326286
326287
326288
326289
326290
326291
326292
326293
326294
326295
326296
326297
326298
326299
326300
326301
326302
326303
326304
326305
326306
326307
326308
326309
326310
326311
326312
326313
326314
326315
326316
326317
326318
326319
326320
326321
326322
326323
326324
326325
326326
326327
326328
326329
326330
326331
326332
326333
326334
326335
326336
326337
326338
326339
326340
326341
326342
326343
326344
326345
326346
326347
326348
326349
326350
326351
326352
326353
326354
326355
326356
326358
326359
326360
326361
326362
326363
326364
326365
326366
326367
326368
326369
326370
326371
326372
326373
326374
326375
326376
326377
326378
326379
326380
326381
326382
326383
326384
326385
326386
326387
326388
326389
326390
326391
326392
326393
326394
326395
326396
326397
326398
326399
326400
326401
326402
326403
326404
326405
326406
326407
326408
326409
326410
326411
326412
326413
326414
326415
326416
326417
326418
326419
326420
326421
326422
326423
326424
326425
326426
326427
326428
326429
326430
326431
326432
326433
326434
326435
326436
326437
326438
326439
326440
326441
326442
326443
326444
326445
326446
326447
326448
326449
326450
326451
326452
326453
326454
326455
326456
326457
326458
326459
326460
326461
326462
326463
326464
326465
326466
326467
326468
326469
326470
326471
326472
326473
326474
326475
326476
326477
326478
326479
326480
326481
326482
326483
326484
326485
326486
326487
326488
326489
326490
326491
326492
326493
326494
326495
326496
326497
326498
326499
326500
326501
326502
326503
326504
326505
326506
326507
326508
326509
326510
326511
326512
326513
326514
326515
326516
326517
326518
326519
326520
326521
326522
326523
326524
326525
326526
326527
326528
326529
326530
326531
326532
326533
326534
326535
326536
326537
326538
326539
326540
326541
326542
326543
326544
326545
326546
326547
326548
326549
326550
326551
326552
326553
326554
326555
326556
326557
326558
326559
326560
326561
326562
326563
326564
326565
326566
326567
326568
326569
326570
326571
326572
326573
326574
326575
326576
326577
326578
326579
326580
326581
326582
326583
326584
326585
326586
326587
326588
326589
326590
326591
326592
326593
326594
326595
326596
326597
326598
326599
326600
326601
326602
326603
326604
326605
326606
326607
326608
326609
326610
326611
326612
326613
326614
326615
326616
326617
326618
326619
326620
326621
326622
326623
326624
326625
326626
326627
326628
326629
326630
326631
326632
326633
326634
326635
326636
326637
326638
326639
326640
326641
326642
326643
326644
326645
326646
326647
326648
326649
326650
326651
326652
326653
326654
326655
326656
326657
326658
326659
326660
326661
326662
326663
326664
326665
326666
326667
326668
326669
326670
326671
326672
326673
326674
326675
326676
326677
326678
326679
326680
326681
326682
326683
326684
326685
326686
326687
326688
326689
326690
326691
326692
326693
326694
326695
326696
326697
326698
326699
326700
326701
326702
326703
326704
326705
326706
326707
326708
326709
326710
326711
326712
326713
326714
326715
326716
326717
326718
326719
326720
326721
326722
326723
326724
326725
326726
326727
326728
326729
326730
326731
326732
326733
326734
326735
326736
326737
326738
326739
326740
326741
326742
326743
326744
326745
326746
326747
326748
326749
326750
326751
326752
326753
326754
326755
326756
326757
326758
326759
326760
326761
326762
326763
326764
326765
326766
326767
326768
326769
326770
326771
326772
326773
326774
326775
326776
326777
326778
326779
326780
326781
326782
326783
326784
326785
326786
326787
326788
326789
326790
326791
326792
326793
326797
326798
326799
326800
326801
326802
326803
326804
326805
326806
326807
326808
326809
326810
326811
326812
326813
326814
326815
326816
326817
326818
326819
326820
326821
326822
326823
326824
326825
326826
326827
326828
326829
326830
326831
326832
326833
326834
326835
326836
326837
326838
326839
326840
326841
326842
326843
326844
326845
326846
326847
326848
326849
326850
326851
326852
326853
326854
326855
326856
326857
326858
326859
326860
326861
326862
326863
326864
326865
326866
326867
326868
326869
326870
326871
326872
326873
326874
326875
326876
326877
326878
326879
326880
326881
326882
326883
326884
326885
326886
326887
326888
326889
326890
326891
326892
326893
326894
326895
326896
326897
326898
326899
326900
326901
326902
326903
326904
326905
326906
326907
326908
326909
326910
326911
326912
326913
326914
326915
326916
326917
326918
326919
326920
326921
326922
326923
326924
326925
326926
326927
326928
326929
326930
326931
326932
326933
326934
326935
326936
326937
326938
326939
326940
326941
326942
326943
326944
326945
326946
326947
326948
326949
326950
326951
326952
326953
326954
326955
326956
326957
326958
326959
326960
326961
326962
326963
326964
326965
326966
326967
326968
326969
326970
326971
326972
326973
326974
326975
326976
326977
326978
326979
326980
326981
326982
326983
326984
326985
326986
326987
326988
326989
326990
326991
326992
326993
326994
326995
326996
326997
326998
326999
327000
327001
327002
327003
327004
327005
327006
327007
327008
327009
327010
327011
327012
327013
327014
327015
327016
327017
327018
327019
327020
327021
327022
327023
327024
327025
327026
327027
327028
327029
327030
327031
327032
327033
327034
327035
327036
327037
327038
327039
327040
327041
327042
327043
327044
327045
327046
327047
327048
327049
327050
327051
327052
327053
327054
327055
327056
327057
327058
327059
327060
327061
327062
327063
327064
327065
327066
327067
327068
327069
327070
327071
327072
327073
327074
327075
327076
327077
327078
327079
327080
327081
327082
327083
327084
327085
327086
327087
327088
327089
327090
327091
327092
327093
327094
327095
327096
327097
327098
327099
327100
327101
327102
327103
327104
327105
327106
327107
327108
327109
327110
327111
327112
327113
327114
327115
327116
327117
327118
327119
327120
327121
327122
327123
327124
327125
327126
327127
327128
327129
327130
327131
327132
327133
327134
327135
327136
327137
327138
327139
327140
327141
327142
327143
327144
327145
327146
327147
327148
327149
327150
327151
327152
327153
327154
327155
327156
327157
327158
327159
327160
327161
327162
327163
327164
327165
327166
327167
327168
327169
327170
327171
327172
327173
327174
327175
327176
327177
327178
327179
327180
327181
327182
327183
327184
327185
327186
327187
327188
327189
327190
327191
327192
327193
327194
327195
327196
327197
327198
327199
327200
327201
327205
327206
327207
327208
327209
327210
327211
327212
327213
327214
327215
327216
327217
327218
327219
327220
327221
327222
327223
327224
327225
327226
327227
327228
327229
327230
327231
327232
327233
327234
327235
327236
327237
327238
327239
327240
327241
327242
327243
327244
327245
327246
327247
327248
327249
327250
327251
327252
327253
327254
327255
327256
327257
327258
327259
327260
327261
327262
327263
327264
327265
327266
327267
327268
327269
327270
327271
327272
327273
327274
327275
327276
327277
327278
327279
327280
327281
327282
327283
327284
327285
327286
327287
327288
327289
327290
327291
327292
327293
327294
327295
327296
327297
327298
327299
327300
327301
327302
327303
327304
327305
327306
327307
327308
327309
327310
327311
327312
327313
327314
327315
327316
327317
327318
327319
327320
327321
327322
327323
327324
327325
327326
327327
327328
327329
327330
327331
327332
327333
327334
327335
327336
327337
327338
327339
327340
327341
327342
327343
327344
327345
327346
327347
327348
327349
327350
327351
327352
327353
327354
327355
327356
327357
327358
327359
327360
327361
327362
327363
327364
327365
327366
327433
328442
331305
331307
331308
331309
331310
331311
331312
331313
331314
331315
331316
331317
331318
331319
331320
331321
331322
331323
331324
331325
331326
331327
331328
331329
331330
331331
331332
331333
331334
331335
331336
331337
331338
331339
331340
331341
331342
331343
331344
331345
331346
331347
331348
331349
331350
331351
331352
331353
331354
331355
331356
331357
331358
331359
331360
331361
331362
331363
331364
331365
331366
331367
331368
331369
331370
331371
331372
331373
331374
331375
331376
331377
331378
331379
331380
331381
331382
331383
331384
331385
331386
331387
331388
331389
331390
331391
331392
331393
331394
331395
331396
331397
331398
331399
331400
331401
331402
331403
331404
331405
331406
331407
331408
331409
331410
331411
331412
331413
331414
331415
331416
331417
331418
331419
331420
331421
331422
331423
331424
331425
331426
331427
331428
331429
331430
331431
331432
331433
331434
331435
331436
331437
331438
331439
331440
331441
331442
331443
331444
331445
331446
331447
331448
331449
331450
331451
331452
331453
331454
331455
331456
331457
331458
331459
331460
331461
331462
331463
331464
331465
331466
331467
331468
331469
331470
331471
331472
331473
331474
331475
331476
331477
331478
331479
331480
331481
331482
331483
331484
331485
331486
331487
331488
331489
331490
331491
331492
331493
331494
331495
331496
331497
331498
331499
331500
331501
331502
331503
331504
331505
331506
331507
331508
331509
331510
331511
331512
331513
331514
331515
331516
331517
331518
331519
331520
331521
331522
331523
331524
331525
331526
331527
331528
331529
331530
331531
331532
331533
331534
331535
331536
331537
331538
331539
331540
331541
331542
331543
331544
331545
331546
331547
331548
331549
331550
331551
331552
331553
331554
331555
331556
331557
331558
331559
331560
331561
331562
331563
331564
331565
331566
331567
331568
331569
331570
331571
331572
331573
332812
332816
332820
332829
332830
332831
332832
332833
332834
332835
332836
332837
332838
332839
332840
332841
332842
332843
332844
332845
332846
332847
332850
332851
332852
332853
332854
332855
332856
332857
332858
332859
332860
332861
332862
332863
332864
332865
332866
332867
332868
332869
332870
332871
332872
332873
332874
332875
332876
332877
332878
332879
332880
332881
332882
332883
332884
332885
332886
332887
332888
332889
332890
332891
332892
332893
332894
332895
332896
332897
332898
332899
332900
332901
332902
332903
332904
332905
332906
332907
332908
332909
332910
332911
332912
332913
332914
332915
332916
332917
332918
332919
332920
332921
332922
332923
332924
332925
332926
332927
332928
332929
332930
332931
332932
332933
332934
332935
332936
332937
332938
332939
332940
332941
332942
332943
332944
332945
332946
332947
332948
332949
332950
332951
332952
332953
332954
332955
332956
332957
332958
332959
332960
332961
332962
332963
332964
332965
332966
332967
332968
332969
332970
332971
332972
332973
332974
332975
332976
332977
332978
332979
332980
332981
332982
332983
332984
332985
332986
332987
332988
332989
332990
332991
332992
332993
332994
332995
332996
332997
332998
332999
333000
333001
333002
333003
333004
333005
333006
333008
333009
333010
333011
333012
333013
333014
333015
333016
333017
333018
333019
333020
333021
333022
333023
333024
333025
333026
333027
333028
333029
333030
333031
333032
333033
333034
333035
333036
333037
333038
333039
333040
333041
333042
333043
333044
333045
333046
333047
333048
333049
333050
333051
333052
333053
333054
333055
333056
333057
333058
333059
333060
333061
333062
333063
333064
333065
333066
333067
333068
333069
333070
333071
333072
333073
333074
333075
333076
333077
333078
333079
333080
333081
333082
333083
333084
333085
333086
333087
333088
333089
333090
333091
333092
333093
333094
333095
333096
333097
333098
333099
333100
333101
333102
333103
333104
333105
333106
333107
333108
333109
333110
333111
333112
333113
333114
333115
333116
333117
333118
333119
333120
333121
333122
333123
333124
333125
333126
333127
333128
333129
333130
333131
333132
333133
333134
333135
333136
333137
333138
333139
333140
333141
333142
333143
333144
333145
333146
333147
333148
333149
333150
333151
333152
333153
333154
333155
333156
333157
333158
333159
333160
333161
333162
333163
333164
333165
333166
333167
333168
333169
333170
333171
333172
333173
333174
333175
333176
333177
333178
333179
333180
333181
333182
333183
333184
333185
333186
333187
333188
333189
333190
333191
333192
333193
333194
333195
333196
333197
333198
333199
333200
333201
333202
333203
333204
333205
333206
333207
333208
333209
333210
333211
333212
333213
333214
333215
333216
333217
333218
333219
333220
333221
333222
333223
333224
333225
333226
333227
333228
333229
333230
333231
333232
333233
333234
333235
333236
333237
333238
333239
333240
333241
333242
333243
333244
333245
333246
333247
333248
333249
333250
333251
333252
333253
333254
333255
333256
333257
333258
333259
333260
333261
333262
333263
333264
333265
333266
333267
333268
333269
333270
333271
333272
333273
333274
333275
333276
333277
333278
333279
333280
333281
333282
333283
333284
333285
333286
333287
333288
333289
333290
333291
333292
333293
333294
333295
333296
333297
333298
333299
333300
333301
333302
333303
333304
333305
333306
333307
333308
333309
333310
333311
333312
333313
333314
333315
333316
333317
333318
333319
333320
333321
333322
333323
333324
333325
333326
333327
333328
333329
333330
333331
333332
333333
333334
333335
333336
333337
333338
333339
333340
333341
333342
333343
333344
333345
333346
333347
333348
333349
333350
333351
333352
333353
333354
333355
333356
333357
333358
333359
333360
333361
333362
333363
333364
333365
333366
333367
333368
333369
333370
333371
333372
333373
333374
333375
333376
333377
333378
333379
333380
333381
333382
333383
333384
333385
333386
333387
333388
333389
333390
333391
333392
333393
333394
333395
333396
333397
333398
333399
333400
333401
333402
333403
333404
333405
333406
333407
333408
333409
333410
333411
333412
333413
333414
333415
333416
333417
333418
333419
333420
333421
333422
333423
333424
333425
333426
333427
333428
333429
333430
333431
333432
333433
333434
333435
333436
333437
333438
333439
333440
333441
333442
333443
333444
333445
333446
333447
333448
333449
333450
333451
333452
333453
333454
333455
333456
333457
333458
333459
333460
333461
333462
333463
333464
333465
333466
333467
333468
333469
333470
333471
333472
333473
333474
333475
333476
333477
333478
333479
333480
333481
333482
333483
333484
377546
377547
377552
377553
377554
377557
377558
377559
377560
377561
377562
377563
377564
377565
377566
377567
377568
377569
377570
377571
377572
377573
377574
377575
377576
377577
377578
377579
377580
377581
377582
377583
377584
377585
377586
377587
377588
377589
377590
377591
377592
377593
377594
377595
377596
377597
377598
377599
377600
377601
377602
377603
377604
377605
377606
377607
377608
377609
377610
377611
377612
377613
377614
377615
377616
377617
377618
377619
377620
377621
377622
377623
377624
377625
377626
377627
377628
377629
377630
377631
377632
377633
377634
377635
377636
377637
377638
377639
377640
377641
377642
377643
377644
377645
377646
377647
377648
377649
377650
377651
377652
377653
377654
377655
377656
377657
377658
377659
377660
377661
377662
377663
377664
377665
377666
377667
377668
377669
377670
377671
377672
377673
377674
377675
377676
377677
377678
377679
377680
377681
377682
377683
377684
377685
377686
377687
377688
377689
377690
377691
377692
377693
377694
377695
377696
377697
377698
377699
377700
377701
377702
377703
377704
377705
377706
377707
377708
377709
377710
377711
377712
377713
377714
377715
377716
377717
377718
377719
377720
377721
377722
377723
377724
377725
377726
377727
377728
377729
377730
377731
377732
377733
377734
377735
377736
377737
377738
377739
377740
377741
377742
377743
377744
377745
377746
377747
377748
377749
377750
377751
377752
377753
377754
377755
377756
377757
377758
377759
377760
377761
377762
377763
377764
377765
377766
377767
377768
377769
377770
377771
377772
377773
377774
377775
377776
377777
377778
377779
377780
377781
377782
377783
377784
377785
377786
377787
377788
377789
377790
377791
377792
377793
377794
377795
377796
377797
377798
377799
377800
377801
377802
377803
377804
377805
377806
377807
377808
377809
377810
377811
377812
377813
377814
377815
377816
377817
377818
377819
377820
377821
377822
377823
377824
377825
377826
377827
377828
377829
377830
377831
377832
377833
377834
377835
377836
377837
377838
377839
377840
377841
377842
377843
377844
377845
377846
377847
377848
377849
377850
377851
377852
377853
377854
377855
377856
377857
377858
377859
377860
377861
377862
377863
377864
377865
377866
377867
377868
377869
377870
377871
377872
377873
377874
377875
377876
377877
377878
377879
377880
377881
377882
377883
377884
377885
377886
377887
377888
377889
377890
377891
377892
377893
377894
377895
377896
377897
377898
377902
377903
392326
