360190	645198
360190	645199
360190	645200
360190	645201
360190	645202
360190	645203
360190	645204
360190	645205
360190	645206
360190	645207
360190	645208
360190	645209
360190	645210
360190	645211
360190	645212
360190	645213
360190	645214
360190	645215
360190	645216
360190	645217
360190	645218
360190	645219
360190	645220
360190	645221
360190	645222
360190	645223
360190	645224
360190	645225
360190	645226
360190	645227
360190	645228
360190	645229
360190	645230
360190	645231
360190	645232
360190	645233
360190	645234
360190	645235
360190	645236
360190	645237
360190	645238
360190	645239
360190	645240
360190	645241
360190	645242
360190	645243
360190	645244
360190	645245
360190	645246
360190	645247
360266	998023
360266	998024
360266	998025
360266	998026
360266	998027
360266	998028
360266	998029
360266	998030
360266	998031
360266	998032
360266	998033
360266	998034
360266	998035
360266	998036
360266	998037
360266	998038
360266	998039
360266	998040
360266	998041
360266	998042
360266	998043
360266	998044
360266	998045
360266	998046
360266	998047
360266	998048
360266	998049
360266	998050
360266	998051
360266	998052
360266	998053
360266	998054
360266	998055
360266	998056
360266	998057
360266	998058
360266	998059
360266	998060
360266	998061
360266	998062
360266	998063
360266	998064
360266	998065
360266	998066
360266	998067
360266	998068
360266	998069
360266	998070
360266	998071
360266	998072
360266	998073
360266	998074
360266	998075
360266	998076
360266	998077
360266	998078
360266	998079
360266	998080
360266	998081
360266	998082
360266	998083
360266	998084
360266	998085
360266	998086
360266	998087
360266	998088
360266	998089
360266	998090
360266	998091
360266	998092
360266	998093
360266	998094
360266	998095
360266	998096
360266	998097
360266	998098
360266	998099
360266	998100
360266	998101
360266	998102
360266	998103
360266	998104
360266	998105
360266	998106
360266	998107
360266	998108
360266	998109
360266	998110
360266	998111
360266	998112
360266	998113
360266	998114
360266	998115
360266	998116
360266	998117
360266	998118
360266	998119
360266	998120
360266	998121
360266	998122
360266	998123
360266	998124
360266	998125
360266	998126
360266	998127
360266	998128
360266	998129
360266	998130
360266	998131
360266	998132
360266	998133
360266	998134
360266	998135
360266	998136
360266	998137
360266	998138
360266	998139
360266	998140
360266	998141
360266	998142
360266	998143
360266	998144
360266	998145
360266	998146
360266	998147
360266	998148
360266	998149
360266	998150
360266	998151
360266	998152
360266	998153
360266	998154
360266	998155
360266	998156
360266	998157
360266	998158
360266	998159
360266	998160
360266	998161
360266	998162
360266	998163
360266	998164
360266	998165
360266	998166
360266	998167
360266	998168
360266	998169
360266	998170
360266	998171
360266	998172
360266	998173
360266	998174
360266	998175
360266	998176
360266	998177
360266	998178
360266	998179
360266	998180
360266	998181
360266	998182
360266	998183
360266	998184
360266	998185
360266	998186
360266	998187
360266	998188
360266	998189
360266	998190
360266	998191
360266	998192
360266	998193
360266	998194
360266	998195
360266	998196
360266	998197
360266	998198
360266	998199
360266	998200
360266	998201
360266	998202
360266	998203
360266	998204
360266	998205
360266	998206
360266	998207
360266	998208
360266	998209
360266	998210
360266	998211
360266	998212
360266	998213
360266	998214
360266	998215
360266	998216
360266	998217
360266	998218
360266	998219
360266	998220
360266	998221
360266	998222
360266	998223
360266	998224
360266	998225
360266	998226
360266	998227
360266	998228
360266	998229
360266	998230
360266	998231
360266	998232
360266	998233
360266	998234
360266	998235
360266	998236
360266	998237
360266	998238
360266	998239
360266	998240
360266	998241
360266	998242
360266	998243
360266	998244
360266	998245
360266	998246
360266	998247
360266	998248
360266	998249
360266	998250
360266	998251
360266	998252
360266	998253
360266	998254
360266	998255
360266	998256
360266	998257
360266	998258
360266	998259
360266	998260
360266	998261
360266	998262
360266	998263
360266	998264
360266	998265
360266	998266
360266	998267
360266	998268
360266	998269
360266	998270
360266	998271
360266	998272
360266	998273
360266	998274
360266	998275
360266	998276
360266	998277
360266	998278
360266	998279
360266	998280
360266	998281
360266	998282
360266	998283
360266	998284
360266	998285
360266	998286
360266	998287
360266	998288
360266	998289
360266	998290
360266	998291
360266	998292
360266	998293
360266	998294
360266	998295
360266	998296
360266	998297
360266	998298
360266	998299
360266	998300
360266	998301
360266	998302
360266	998303
360266	998304
360266	998305
360266	998306
360266	998307
360266	998308
360266	998309
360266	998310
360266	998311
360266	998312
360266	998313
360266	998314
360266	998315
360266	998316
360266	998317
360266	998318
360266	998319
360266	998320
360266	998321
360266	998322
360266	998323
360266	998324
360266	998325
360266	998326
360266	998327
360266	998328
360266	998329
360266	998330
360266	998331
360266	998332
360266	998333
360266	998334
360266	998335
360266	998336
360266	998337
360266	998338
360266	998339
360266	998340
360266	998341
360266	998342
360266	998343
360266	998344
360266	998345
360266	998346
360266	998347
360266	998348
360266	998349
360266	998350
360266	998351
360266	998352
360266	998353
360266	998354
360266	998355
360266	998356
360266	998357
360266	998358
360266	998359
360266	998360
360266	998361
360266	998362
360266	998363
360266	998364
360266	998365
360266	998366
360266	998367
360266	998368
360266	998369
360266	998370
360266	998371
360266	998372
360266	998373
360266	998374
360266	998375
360266	998376
360266	998377
360266	998378
360266	998379
360266	998380
360266	998381
360266	998382
360266	998383
360266	998384
360266	998385
360266	998386
360266	998387
360266	998388
360266	998389
360266	998390
360266	998391
360266	998392
360266	998393
360266	998394
